110.000 0.046
120.000 0.050
130.000 0.063
140.000 0.068
150.000 0.064
160.000 0.062
170.000 0.069
180.000 0.075
190.000 0.067
200.000 0.070
210.000 0.070
220.000 0.073
230.000 0.077
240.000 0.080
250.000 0.080
260.000 0.085
270.000 0.086
280.000 0.090
290.000 0.096
300.000 0.096
310.000 0.104
320.000 0.110
330.000 0.117
340.000 0.122
350.000 0.131
360.000 0.143
370.000 0.146
380.000 0.164
390.000 0.182
400.000 0.191
410.000 0.213
420.000 0.222
430.000 0.241
440.000 0.249
450.000 0.246
460.000 0.231
470.000 0.219
480.000 0.191
490.000 0.167
500.000 0.154
510.000 0.132
520.000 0.123
530.000 0.108
540.000 0.094
550.000 0.088
560.000 0.079
570.000 0.074
580.000 0.067
590.000 0.063
600.000 0.057
610.000 0.051
620.000 0.049
630.000 0.045
640.000 0.041
650.000 0.040
660.000 0.036
670.000 0.034
680.000 0.032
690.000 0.030
700.000 0.028
710.000 0.026
720.000 0.025
730.000 0.024
740.000 0.022
750.000 0.022
760.000 0.019
770.000 0.018
780.000 0.018
790.000 0.019
800.000 0.016
810.000 0.016
820.000 0.015
830.000 0.014
840.000 0.013
850.000 0.013
860.000 0.012
870.000 0.011
880.000 0.010
890.000 0.010
900.000 0.010
910.000 0.010
920.000 0.009
930.000 0.008
940.000 0.008
950.000 0.007
960.000 0.006
970.000 0.006
980.000 0.007
990.000 0.006
1000.000 0.005
1010.000 0.005
1020.000 0.005
1030.000 0.004
1040.000 0.004
1050.000 0.005
1060.000 0.005
1070.000 0.004
1080.000 0.004
1090.000 0.004
1100.000 0.003
1110.000 0.004
1120.000 0.004
1130.000 0.005
1140.000 0.004
1150.000 0.005
1160.000 0.005
1170.000 0.005
1180.000 0.006
1190.000 0.006
1200.000 0.007
1210.000 0.006
1220.000 0.007
1230.000 0.008
1240.000 0.008
1250.000 0.008
1260.000 0.009
1270.000 0.010
1280.000 0.009
1290.000 0.010
1300.000 0.009
1310.000 0.010
1320.000 0.010
1330.000 0.011
1340.000 0.011
1350.000 0.011
1360.000 0.012
1370.000 0.012
1380.000 0.012
1390.000 0.012
1400.000 0.013
1410.000 0.012
1420.000 0.012
1430.000 0.012
1440.000 0.012
1450.000 0.012
1460.000 0.013
1470.000 0.012
1480.000 0.013
1490.000 0.013
1500.000 0.015
1510.000 0.015
1520.000 0.016
1530.000 0.016
1540.000 0.017
1550.000 0.017
1560.000 0.019
1570.000 0.020
1580.000 0.020
1590.000 0.021
1600.000 0.022
1610.000 0.023
1620.000 0.023
1630.000 0.025
1640.000 0.025
1650.000 0.026
1660.000 0.027
1670.000 0.028
1680.000 0.029
1690.000 0.030
1700.000 0.031
1710.000 0.032
1720.000 0.033
1730.000 0.034
1740.000 0.034
1750.000 0.035
1760.000 0.035
1770.000 0.035
1780.000 0.037
1790.000 0.038
1800.000 0.038
1810.000 0.038
1820.000 0.039
1830.000 0.039
1840.000 0.039
1850.000 0.039
1860.000 0.039
1870.000 0.038
1880.000 0.038
1890.000 0.038
1910.000 0.038
1920.000 0.038
1930.000 0.036
1940.000 0.036
1950.000 0.035
1960.000 0.034
1970.000 0.034
1980.000 0.034
1990.000 0.033
2000.000 0.032
2010.000 0.031
2020.000 0.030
2030.000 0.030
2040.000 0.029
2050.000 0.028
2060.000 0.027
2070.000 0.027
2080.000 0.026
2090.000 0.025
2100.000 0.025
2110.000 0.024
2120.000 0.022
2130.000 0.021
2140.000 0.021
2150.000 0.019
2160.000 0.018
2170.000 0.018
2180.000 0.016
2190.000 0.013
2200.000 0.013
2210.000 0.010
2220.000 0.009
2230.000 0.005
2240.000 0.005
2250.000 0.008
2260.000 0.021
2270.000 0.032
2280.000 0.069
2290.000 0.168
2300.000 0.301
2310.000 1.173
2320.000 1.975
2330.000 1.049
2340.000 0.564
2350.000 0.159
2360.000 0.050
2370.000 0.035
2380.000 0.019
2390.000 0.016
2400.000 0.018
2410.000 0.019
2420.000 0.020
2430.000 0.019
2440.000 0.021
2450.000 0.020
2460.000 0.020
2470.000 0.020
2480.000 0.019
2490.000 0.019
2500.000 0.019
2510.000 0.020
2520.000 0.019
2530.000 0.019
2540.000 0.019
2550.000 0.019
2560.000 0.019
2570.000 0.019
2580.000 0.020
2590.000 0.019
2600.000 0.020
2610.000 0.020
2620.000 0.020
2630.000 0.021
2640.000 0.020
2650.000 0.021
2660.000 0.021
2670.000 0.021
2680.000 0.022
2690.000 0.023
2700.000 0.023
2710.000 0.024
2720.000 0.025
2730.000 0.025
2740.000 0.026
2750.000 0.027
2760.000 0.029
2770.000 0.029
2780.000 0.030
2790.000 0.031
2800.000 0.033
2810.000 0.034
2820.000 0.035
2830.000 0.036
2840.000 0.037
2850.000 0.038
2860.000 0.040
2870.000 0.041
2880.000 0.043
2890.000 0.046
2900.000 0.046
2910.000 0.048
2920.000 0.050
2930.000 0.052
2940.000 0.053
2950.000 0.055
2960.000 0.056
2970.000 0.058
2980.000 0.060
2990.000 0.060
3000.000 0.062
3010.000 0.064
3020.000 0.066
3030.000 0.067
3040.000 0.068
3050.000 0.070
3060.000 0.071
3070.000 0.072
3080.000 0.073
3090.000 0.075
3100.000 0.077
3110.000 0.077
3120.000 0.078
3130.000 0.080
3140.000 0.080
3150.000 0.082
3160.000 0.081
3170.000 0.083
3180.000 0.084
3190.000 0.085
3200.000 0.086
3210.000 0.086
3220.000 0.087
3230.000 0.089
3240.000 0.090
3250.000 0.091
3260.000 0.094
3270.000 0.094
3280.000 0.095
3290.000 0.096
3300.000 0.098
3310.000 0.101
3320.000 0.101
3330.000 0.103
3340.000 0.105
3350.000 0.107
3360.000 0.109
3370.000 0.112
3380.000 0.113
3390.000 0.115
3400.000 0.118
3410.000 0.122
3420.000 0.125
3430.000 0.129
3440.000 0.134
3450.000 0.139
3460.000 0.142
3470.000 0.144
3480.000 0.150
3490.000 0.154
3500.000 0.163
3510.000 0.167
3520.000 0.176
3530.000 0.187
3540.000 0.200
3550.000 0.215
3560.000 0.223
3570.000 0.232
3580.000 0.253
3590.000 0.264
3600.000 0.292
3610.000 0.307
3620.000 0.348
3630.000 0.398
3640.000 0.430
3650.000 0.513
3660.000 0.567
3670.000 0.720
3680.000 0.976
3690.000 1.168
3700.000 2.081
3710.000 5.462
3720.000 1.675
3730.000 1.052
3740.000 0.902
3760.000 0.591
3770.000 0.477
3780.000 0.399
3790.000 0.367
3800.000 0.318
3810.000 0.280
3820.000 0.251
3830.000 0.238
3840.000 0.227
3850.000 0.216
3860.000 0.199
3870.000 0.190
3880.000 0.176
3890.000 0.168
3900.000 0.157
3910.000 0.148
3920.000 0.144
3930.000 0.135
3940.000 0.131
3950.000 0.123
3960.000 0.118
3970.000 0.112
3980.000 0.110
3990.000 0.107
4000.000 0.103
4010.000 0.099
4020.000 0.096
4030.000 0.092
4040.000 0.090
4050.000 0.086
4060.000 0.084
4070.000 0.082
4080.000 0.079
4090.000 0.078
4100.000 0.076
4110.000 0.074
4120.000 0.073
4130.000 0.071
4140.000 0.070
4150.000 0.068
4160.000 0.067
4170.000 0.066
4180.000 0.064
4190.000 0.064
4200.000 0.062
4210.000 0.062
4220.000 0.060
4230.000 0.060
4240.000 0.059
4250.000 0.057
4260.000 0.057
4270.000 0.056
4280.000 0.055
4290.000 0.055
4300.000 0.054
4310.000 0.053
4320.000 0.053
4330.000 0.052
4340.000 0.052
4350.000 0.051
4360.000 0.050
4370.000 0.050
4380.000 0.050
4390.000 0.050
4410.000 0.050
4420.000 0.049
4430.000 0.049
4440.000 0.048
4450.000 0.049
4460.000 0.048
4470.000 0.048
4490.000 0.048
4500.000 0.048
4510.000 0.047
4520.000 0.047
4530.000 0.046
4540.000 0.048
4550.000 0.047
4560.000 0.047
4570.000 0.047
4580.000 0.046
4590.000 0.047
4600.000 0.046
4610.000 0.046
4620.000 0.046
4630.000 0.045
4640.000 0.044
4650.000 0.045
4660.000 0.044
4670.000 0.045
4680.000 0.044
4690.000 0.043
4700.000 0.044
4710.000 0.045
4720.000 0.045
4730.000 0.045
4740.000 0.046
4750.000 0.047
4760.000 0.047
4770.000 0.050
4780.000 0.051
4790.000 0.052
4800.000 0.055
4810.000 0.056
4820.000 0.057
4830.000 0.059
4840.000 0.063
4850.000 0.064
4860.000 0.068
4870.000 0.074
4880.000 0.074
4890.000 0.081
4900.000 0.085
4910.000 0.093
4920.000 0.105
4930.000 0.113
4940.000 0.140
4950.000 0.160
4960.000 0.242
4970.000 0.497
4980.000 0.822
4990.000 1.537
5000.000 0.331
5010.000 0.451
5020.000 0.318
5030.000 0.219
5040.000 0.113
5050.000 0.091
5060.000 0.063
5070.000 0.051
5080.000 0.049
5090.000 0.048
5100.000 0.047
5110.000 0.048
5120.000 0.048
5130.000 0.050
5140.000 0.050
5150.000 0.051
5160.000 0.052
5170.000 0.053
5180.000 0.054
5190.000 0.054
5200.000 0.055
5210.000 0.056
5220.000 0.057
5230.000 0.057
5240.000 0.057
5250.000 0.058
5260.000 0.059
5270.000 0.059
5280.000 0.059
5290.000 0.060
5300.000 0.061
5310.000 0.061
5320.000 0.062
5330.000 0.062
5340.000 0.062
5350.000 0.063
5360.000 0.064
5370.000 0.064
5380.000 0.064
5390.000 0.064
5400.000 0.066
5410.000 0.067
5420.000 0.066
5430.000 0.067
5440.000 0.068
5450.000 0.068
5460.000 0.068
5470.000 0.069
5480.000 0.070
5490.000 0.071
5500.000 0.071
5510.000 0.072
5520.000 0.072
5530.000 0.073
5540.000 0.074
5550.000 0.074
5560.000 0.075
5570.000 0.076
5580.000 0.076
5590.000 0.077
5600.000 0.078
5610.000 0.079
5620.000 0.081
5630.000 0.081
5640.000 0.082
5650.000 0.084
5660.000 0.085
5670.000 0.086
5680.000 0.087
5690.000 0.088
5700.000 0.089
5710.000 0.091
5720.000 0.092
5730.000 0.095
5740.000 0.097
5750.000 0.098
5760.000 0.100
5770.000 0.102
5780.000 0.103
5790.000 0.106
5800.000 0.107
5810.000 0.108
5820.000 0.110
5830.000 0.114
5840.000 0.117
5850.000 0.119
5860.000 0.122
5870.000 0.124
5880.000 0.128
5890.000 0.133
5900.000 0.137
5910.000 0.140
5920.000 0.145
5930.000 0.151
5940.000 0.154
5950.000 0.158
5960.000 0.165
5970.000 0.168
5980.000 0.175
5990.000 0.183
6000.000 0.192
6010.000 0.198
6020.000 0.201
6030.000 0.213
6040.000 0.226
6050.000 0.235
6060.000 0.250
6070.000 0.255
6080.000 0.271
6090.000 0.290
6100.000 0.299
6110.000 0.319
6120.000 0.328
6130.000 0.352
6140.000 0.376
6150.000 0.404
6160.000 0.421
6170.000 0.456
6180.000 0.500
6190.000 0.554
6200.000 0.589
6210.000 0.630
6220.000 0.683
6230.000 0.835
6240.000 1.121
6250.000 1.263
6260.000 0.772
6270.000 0.675
6280.000 0.579
6290.000 0.601
6300.000 0.601
6310.000 0.581
6320.000 0.543
6330.000 0.504
6340.000 0.504
6350.000 0.456
6360.000 0.415
6370.000 0.395
6380.000 0.361
6390.000 0.330
6400.000 0.315
6410.000 0.290
6420.000 0.279
6430.000 0.260
6440.000 0.251
6450.000 0.234
6460.000 0.219
6470.000 0.213
6480.000 0.200
6490.000 0.195
6500.000 0.185
6510.000 0.175
6520.000 0.172
6530.000 0.163
6540.000 0.158
6550.000 0.148
6560.000 0.136
6570.000 0.143
6580.000 0.424
6590.000 0.833
6600.000 0.820
6610.000 0.282
6620.000 0.151
6630.000 0.111
6640.000 0.093
6650.000 0.097
6660.000 0.098
6670.000 0.097
6680.000 0.096
6690.000 0.094
6700.000 0.093
6710.000 0.090
6720.000 0.089
6730.000 0.088
6740.000 0.086
6750.000 0.085
6760.000 0.083
6770.000 0.083
6780.000 0.081
6790.000 0.080
6800.000 0.079
6810.000 0.077
6820.000 0.077
6830.000 0.075
6840.000 0.075
6850.000 0.074
6860.000 0.072
6870.000 0.072
6880.000 0.071
6890.000 0.070
6900.000 0.070
6910.000 0.069
6920.000 0.067
6930.000 0.067
6940.000 0.066
6950.000 0.066
6960.000 0.065
6970.000 0.064
6980.000 0.064
6990.000 0.064
7000.000 0.063
7010.000 0.062
7020.000 0.061
7030.000 0.061
7040.000 0.061
7050.000 0.060
7060.000 0.060
7070.000 0.059
7080.000 0.059
7090.000 0.059
7100.000 0.058
7110.000 0.057
7120.000 0.057
7130.000 0.057
7140.000 0.056
7150.000 0.055
7160.000 0.056
7170.000 0.054
7180.000 0.054
7190.000 0.054
7200.000 0.053
7210.000 0.053
7220.000 0.052
7230.000 0.052
7240.000 0.052
7250.000 0.051
7260.000 0.051
7270.000 0.050
7280.000 0.049
7290.000 0.048
7300.000 0.048
7310.000 0.048
7320.000 0.047
7330.000 0.046
7340.000 0.045
7350.000 0.044
7360.000 0.044
7370.000 0.043
7380.000 0.042
7390.000 0.041
7400.000 0.039
7410.000 0.037
7420.000 0.035
7430.000 0.034
7440.000 0.029
7450.000 0.016
7460.000 0.010
7470.000 0.015
7480.000 0.229
7490.000 0.482
7500.000 0.475
7510.000 0.229
7520.000 0.167
7530.000 0.139
7540.000 0.123
7550.000 0.117
7560.000 0.108
7570.000 0.108
7580.000 0.103
7590.000 0.100
7600.000 0.097
7610.000 0.093
7620.000 0.092
7630.000 0.091
7640.000 0.091
7650.000 0.090
7660.000 0.090
7670.000 0.088
7680.000 0.088
7690.000 0.088
7700.000 0.088
7720.000 0.088
7730.000 0.089
7740.000 0.089
7750.000 0.089
7760.000 0.090
7770.000 0.091
7780.000 0.092
7790.000 0.093
7800.000 0.094
7810.000 0.095
7820.000 0.096
7830.000 0.097
7840.000 0.100
7850.000 0.101
7860.000 0.104
7870.000 0.105
7880.000 0.108
7890.000 0.112
7900.000 0.114
7910.000 0.118
7920.000 0.121
7930.000 0.127
7940.000 0.133
7950.000 0.137
7960.000 0.145
7970.000 0.151
7980.000 0.164
7990.000 0.180
8000.000 0.189
8010.000 0.214
8020.000 0.232
8030.000 0.281
8040.000 0.364
8050.000 0.512
8060.000 0.684
8070.000 0.949
8080.000 2.274
8090.000 2.444
8100.000 0.786
8110.000 0.267
8120.000 0.135
8130.000 0.113
8140.000 0.092
8150.000 0.062
8160.000 0.042
8170.000 0.034
8180.000 0.020
8190.000 0.014
8200.000 0.003
8210.000 0.007
8220.000 0.014
8230.000 0.016
8240.000 0.020
8250.000 0.026
8260.000 0.032
8270.000 0.036
8280.000 0.039
8290.000 0.044
8300.000 0.046
8310.000 0.051
8320.000 0.054
8330.000 0.058
8340.000 0.061
8350.000 0.066
8360.000 0.070
8370.000 0.072
8380.000 0.077
8390.000 0.080
8400.000 0.085
8410.000 0.091
8420.000 0.093
8430.000 0.098
8440.000 0.102
8450.000 0.107
8460.000 0.113
8470.000 0.116
8480.000 0.121
8490.000 0.124
8500.000 0.126
8510.000 0.125
8520.000 0.120
8530.000 0.096
8540.000 0.065
8550.000 0.205
8560.000 1.096
8570.000 1.222
8580.000 0.602
8590.000 0.633
8600.000 0.514
8610.000 0.662
8620.000 0.716
8630.000 0.900
8640.000 1.027
8650.000 1.439
8660.000 2.042
8670.000 2.219
8680.000 1.353
8690.000 0.920
8700.000 0.928
8710.000 0.786
8720.000 0.693
8730.000 0.563
8740.000 0.513
8750.000 0.438
8760.000 0.382
8770.000 0.358
8780.000 0.319
8790.000 0.302
8800.000 0.273
8810.000 0.250
8820.000 0.239
8830.000 0.221
8840.000 0.213
8850.000 0.199
8860.000 0.187
8870.000 0.182
8880.000 0.172
8890.000 0.167
8900.000 0.158
8910.000 0.150
8920.000 0.148
8930.000 0.140
8940.000 0.138
8950.000 0.132
8960.000 0.127
8970.000 0.125
8980.000 0.119
8990.000 0.116
9000.000 0.114
9010.000 0.112
9020.000 0.109
9030.000 0.106
9040.000 0.105
9050.000 0.101
9060.000 0.099
9070.000 0.098
9080.000 0.096
9090.000 0.094
9100.000 0.092
9110.000 0.090
9120.000 0.088
9140.000 0.086
9150.000 0.084
9160.000 0.083
9170.000 0.082
9180.000 0.081
9200.000 0.079
9210.000 0.078
9220.000 0.076
9230.000 0.075
9240.000 0.074
9250.000 0.072
9260.000 0.072
9270.000 0.072
9280.000 0.072
9290.000 0.070
9300.000 0.070
9310.000 0.069
9320.000 0.068
9330.000 0.068
9340.000 0.067
9350.000 0.066
9370.000 0.065
9380.000 0.065
9390.000 0.065
9400.000 0.065
9410.000 0.064
9420.000 0.065
9430.000 0.065
9440.000 0.066
9450.000 0.067
9460.000 0.070
9470.000 0.077
9480.000 0.085
9490.000 0.133
9500.000 0.342
9510.000 0.605
9520.000 0.237
9530.000 0.215
9540.000 0.099
9550.000 0.070
9560.000 0.062
9570.000 0.060
9580.000 0.060
9590.000 0.059
9600.000 0.058
9610.000 0.057
9620.000 0.057
9630.000 0.055
9640.000 0.055
9650.000 0.054
9660.000 0.054
9670.000 0.054
9680.000 0.053
9690.000 0.053
9700.000 0.053
9710.000 0.053
9720.000 0.054
9730.000 0.053
9740.000 0.054
9750.000 0.054
9760.000 0.054
9770.000 0.055
9780.000 0.056
9790.000 0.058
9800.000 0.063
9810.000 0.065
9820.000 0.075
9830.000 0.083
9840.000 0.110
9850.000 0.157
9860.000 0.176
9870.000 0.193
9880.000 0.213
9890.000 0.241
9900.000 0.204
9910.000 0.185
9920.000 0.146
9930.000 0.130
9940.000 0.112
9950.000 0.099
9960.000 0.094
9970.000 0.088
9980.000 0.085
9990.000 0.081
10000.000 0.079
