110.000 0.043
120.000 0.054
130.000 0.072
140.000 0.059
150.000 0.055
160.000 0.061
170.000 0.063
180.000 0.068
190.000 0.068
200.000 0.070
210.000 0.072
220.000 0.072
230.000 0.075
240.000 0.080
250.000 0.083
260.000 0.085
270.000 0.089
280.000 0.090
290.000 0.094
300.000 0.101
310.000 0.105
320.000 0.111
330.000 0.115
340.000 0.122
350.000 0.133
360.000 0.139
370.000 0.151
380.000 0.160
390.000 0.178
400.000 0.197
410.000 0.210
420.000 0.228
430.000 0.237
440.000 0.247
450.000 0.242
460.000 0.236
470.000 0.213
480.000 0.201
490.000 0.172
500.000 0.149
510.000 0.139
520.000 0.118
530.000 0.110
540.000 0.097
550.000 0.085
560.000 0.080
570.000 0.071
580.000 0.067
590.000 0.061
600.000 0.056
610.000 0.052
620.000 0.048
630.000 0.046
640.000 0.041
650.000 0.039
660.000 0.036
670.000 0.035
680.000 0.033
690.000 0.031
700.000 0.029
710.000 0.027
720.000 0.025
730.000 0.023
740.000 0.022
750.000 0.020
760.000 0.020
770.000 0.020
780.000 0.017
790.000 0.018
800.000 0.017
810.000 0.016
820.000 0.015
830.000 0.014
840.000 0.014
850.000 0.013
860.000 0.012
870.000 0.011
880.000 0.010
890.000 0.010
900.000 0.009
910.000 0.009
920.000 0.008
930.000 0.007
940.000 0.007
950.000 0.007
960.000 0.008
970.000 0.007
980.000 0.007
990.000 0.006
1000.000 0.005
1010.000 0.006
1020.000 0.004
1030.000 0.004
1040.000 0.004
1050.000 0.004
1060.000 0.004
1070.000 0.005
1080.000 0.004
1090.000 0.004
1100.000 0.004
1110.000 0.005
1120.000 0.004
1130.000 0.005
1140.000 0.005
1150.000 0.005
1160.000 0.005
1170.000 0.006
1180.000 0.006
1190.000 0.007
1200.000 0.006
1210.000 0.007
1220.000 0.007
1230.000 0.008
1240.000 0.008
1250.000 0.008
1260.000 0.009
1270.000 0.009
1280.000 0.009
1290.000 0.008
1300.000 0.010
1310.000 0.009
1320.000 0.010
1330.000 0.011
1340.000 0.011
1350.000 0.011
1360.000 0.011
1380.000 0.011
1390.000 0.011
1400.000 0.012
1410.000 0.013
1420.000 0.013
1430.000 0.012
1440.000 0.011
1450.000 0.013
1460.000 0.012
1470.000 0.014
1480.000 0.014
1490.000 0.015
1500.000 0.015
1510.000 0.016
1520.000 0.017
1530.000 0.017
1540.000 0.018
1550.000 0.020
1560.000 0.020
1570.000 0.021
1580.000 0.021
1590.000 0.022
1600.000 0.022
1610.000 0.024
1620.000 0.025
1630.000 0.026
1640.000 0.027
1650.000 0.028
1660.000 0.030
1670.000 0.031
1680.000 0.032
1690.000 0.032
1700.000 0.034
1710.000 0.035
1720.000 0.035
1730.000 0.034
1740.000 0.037
1750.000 0.037
1760.000 0.037
1770.000 0.038
1780.000 0.039
1790.000 0.041
1800.000 0.041
1810.000 0.041
1820.000 0.042
1830.000 0.042
1840.000 0.042
1850.000 0.042
1860.000 0.042
1870.000 0.042
1880.000 0.042
1890.000 0.042
1900.000 0.042
1910.000 0.042
1920.000 0.041
1930.000 0.041
1940.000 0.040
1950.000 0.039
1960.000 0.039
1970.000 0.038
1980.000 0.038
1990.000 0.037
2000.000 0.036
2010.000 0.036
2020.000 0.035
2030.000 0.035
2040.000 0.033
2050.000 0.032
2060.000 0.032
2070.000 0.032
2080.000 0.031
2090.000 0.030
2100.000 0.029
2110.000 0.029
2120.000 0.028
2130.000 0.027
2140.000 0.026
2150.000 0.026
2160.000 0.025
2170.000 0.024
2180.000 0.023
2190.000 0.022
2200.000 0.020
2210.000 0.019
2220.000 0.018
2230.000 0.016
2240.000 0.011
2250.000 0.007
2260.000 0.006
2270.000 0.021
2280.000 0.062
2290.000 0.197
2300.000 0.383
2310.000 0.774
2320.000 2.311
2330.000 1.780
2340.000 0.288
2350.000 0.176
2360.000 0.071
2370.000 0.025
2380.000 0.014
2390.000 0.009
2400.000 0.008
2410.000 0.011
2420.000 0.012
2430.000 0.013
2440.000 0.014
2450.000 0.014
2460.000 0.017
2470.000 0.015
2480.000 0.016
2490.000 0.016
2500.000 0.015
2510.000 0.016
2520.000 0.017
2530.000 0.016
2540.000 0.016
2550.000 0.016
2560.000 0.016
2570.000 0.017
2580.000 0.017
2590.000 0.017
2600.000 0.017
2610.000 0.018
2620.000 0.018
2630.000 0.018
2640.000 0.018
2650.000 0.019
2660.000 0.020
2670.000 0.019
2680.000 0.020
2690.000 0.021
2700.000 0.021
2710.000 0.022
2720.000 0.022
2730.000 0.023
2740.000 0.024
2750.000 0.025
2760.000 0.025
2770.000 0.027
2780.000 0.027
2790.000 0.028
2800.000 0.029
2810.000 0.030
2820.000 0.032
2830.000 0.033
2840.000 0.034
2850.000 0.036
2860.000 0.037
2870.000 0.038
2880.000 0.039
2890.000 0.041
2900.000 0.042
2910.000 0.044
2920.000 0.046
2930.000 0.047
2940.000 0.049
2950.000 0.051
2960.000 0.053
2970.000 0.054
2980.000 0.056
2990.000 0.058
3000.000 0.059
3010.000 0.061
3020.000 0.062
3030.000 0.063
3040.000 0.065
3050.000 0.066
3060.000 0.068
3070.000 0.068
3080.000 0.070
3090.000 0.071
3100.000 0.072
3110.000 0.073
3120.000 0.074
3130.000 0.074
3140.000 0.076
3150.000 0.077
3160.000 0.079
3170.000 0.080
3180.000 0.080
3190.000 0.081
3200.000 0.082
3210.000 0.083
3220.000 0.084
3230.000 0.086
3240.000 0.087
3250.000 0.088
3260.000 0.090
3270.000 0.091
3280.000 0.092
3290.000 0.094
3300.000 0.095
3310.000 0.096
3320.000 0.099
3330.000 0.100
3340.000 0.102
3350.000 0.103
3360.000 0.106
3370.000 0.109
3380.000 0.110
3390.000 0.113
3400.000 0.116
3410.000 0.120
3420.000 0.123
3430.000 0.126
3440.000 0.130
3450.000 0.136
3460.000 0.142
3470.000 0.148
3480.000 0.153
3490.000 0.160
3500.000 0.164
3510.000 0.168
3520.000 0.173
3530.000 0.183
3540.000 0.196
3550.000 0.202
3560.000 0.217
3570.000 0.227
3580.000 0.248
3590.000 0.273
3600.000 0.288
3610.000 0.322
3620.000 0.342
3630.000 0.393
3640.000 0.459
3650.000 0.503
3660.000 0.621
3670.000 0.702
3680.000 0.952
3690.000 1.452
3700.000 1.992
3710.000 5.040
3720.000 5.702
3730.000 1.590
3740.000 0.934
3750.000 0.793
3760.000 0.603
3770.000 0.534
3780.000 0.438
3790.000 0.370
3800.000 0.322
3810.000 0.302
3820.000 0.268
3830.000 0.242
3840.000 0.219
3850.000 0.202
3870.000 0.188
3880.000 0.173
3890.000 0.162
3900.000 0.157
3910.000 0.152
3920.000 0.143
3930.000 0.139
3940.000 0.132
3950.000 0.128
3960.000 0.121
3970.000 0.115
3980.000 0.113
3990.000 0.108
4000.000 0.106
4010.000 0.102
4020.000 0.098
4030.000 0.095
4040.000 0.092
4050.000 0.090
4060.000 0.087
4070.000 0.084
4080.000 0.082
4090.000 0.079
4100.000 0.077
4120.000 0.075
4130.000 0.073
4140.000 0.072
4150.000 0.071
4160.000 0.070
4170.000 0.068
4180.000 0.068
4190.000 0.067
4200.000 0.064
4210.000 0.064
4220.000 0.063
4230.000 0.062
4240.000 0.061
4250.000 0.061
4260.000 0.060
4270.000 0.059
4280.000 0.059
4290.000 0.058
4300.000 0.057
4310.000 0.057
4320.000 0.057
4330.000 0.056
4340.000 0.055
4350.000 0.055
4360.000 0.054
4370.000 0.054
4380.000 0.054
4390.000 0.054
4400.000 0.053
4410.000 0.053
4420.000 0.053
4430.000 0.053
4440.000 0.052
4450.000 0.053
4460.000 0.052
4470.000 0.052
4480.000 0.052
4490.000 0.052
4500.000 0.052
4510.000 0.053
4520.000 0.052
4530.000 0.052
4540.000 0.052
4550.000 0.052
4560.000 0.052
4570.000 0.053
4580.000 0.052
4590.000 0.051
4600.000 0.052
4610.000 0.052
4620.000 0.051
4630.000 0.051
4640.000 0.051
4650.000 0.051
4660.000 0.050
4670.000 0.051
4680.000 0.050
4690.000 0.050
4700.000 0.051
4710.000 0.050
4720.000 0.052
4730.000 0.052
4740.000 0.053
4750.000 0.055
4760.000 0.056
4770.000 0.059
4780.000 0.061
4790.000 0.063
4800.000 0.067
4810.000 0.068
4820.000 0.073
4830.000 0.074
4840.000 0.080
4850.000 0.086
4860.000 0.089
4870.000 0.095
4880.000 0.099
4890.000 0.109
4900.000 0.121
4910.000 0.129
4920.000 0.148
4930.000 0.161
4940.000 0.198
4950.000 0.264
4960.000 0.425
4970.000 0.947
4980.000 0.947
4990.000 1.577
5000.000 1.379
5010.000 0.470
5020.000 0.294
5030.000 0.233
5040.000 0.151
5050.000 0.093
5060.000 0.060
5070.000 0.037
5080.000 0.027
5090.000 0.017
5100.000 0.012
5110.000 0.012
5120.000 0.015
5130.000 0.019
5140.000 0.020
5150.000 0.024
5160.000 0.026
5170.000 0.028
5180.000 0.029
5190.000 0.032
5200.000 0.034
5210.000 0.035
5220.000 0.037
5230.000 0.038
5240.000 0.039
5250.000 0.040
5260.000 0.042
5270.000 0.044
5280.000 0.044
5290.000 0.045
5300.000 0.046
5310.000 0.047
5320.000 0.048
5330.000 0.048
5340.000 0.050
5350.000 0.051
5360.000 0.051
5370.000 0.051
5380.000 0.053
5390.000 0.054
5400.000 0.055
5410.000 0.055
5420.000 0.056
5430.000 0.056
5440.000 0.058
5450.000 0.057
5460.000 0.059
5470.000 0.060
5480.000 0.060
5490.000 0.061
5500.000 0.061
5510.000 0.063
5520.000 0.064
5530.000 0.065
5540.000 0.065
5550.000 0.066
5560.000 0.067
5570.000 0.069
5580.000 0.069
5590.000 0.070
5600.000 0.070
5610.000 0.071
5620.000 0.072
5630.000 0.073
5640.000 0.074
5650.000 0.075
5660.000 0.076
5670.000 0.078
5680.000 0.080
5690.000 0.081
5700.000 0.082
5710.000 0.083
5720.000 0.086
5730.000 0.087
5740.000 0.089
5750.000 0.090
5760.000 0.092
5770.000 0.094
5780.000 0.096
5790.000 0.098
5800.000 0.100
5810.000 0.102
5820.000 0.105
5830.000 0.107
5840.000 0.110
5850.000 0.112
5860.000 0.115
5870.000 0.119
5880.000 0.122
5890.000 0.125
5900.000 0.127
5910.000 0.133
5920.000 0.137
5930.000 0.140
5940.000 0.147
5950.000 0.149
5960.000 0.156
5970.000 0.163
5980.000 0.166
5990.000 0.175
6000.000 0.179
6010.000 0.188
6020.000 0.199
6030.000 0.204
6040.000 0.217
6050.000 0.222
6060.000 0.237
6070.000 0.253
6080.000 0.261
6090.000 0.280
6100.000 0.289
6110.000 0.311
6120.000 0.333
6130.000 0.345
6140.000 0.373
6150.000 0.390
6160.000 0.426
6170.000 0.471
6180.000 0.499
6190.000 0.567
6200.000 0.611
6210.000 0.729
6220.000 0.933
6230.000 1.093
6240.000 1.633
6250.000 1.921
6260.000 1.136
6270.000 0.690
6280.000 0.650
6290.000 0.588
6300.000 0.579
6310.000 0.558
6320.000 0.527
6330.000 0.509
6340.000 0.466
6350.000 0.445
6360.000 0.405
6370.000 0.369
6380.000 0.338
6390.000 0.324
6400.000 0.312
6410.000 0.289
6420.000 0.279
6430.000 0.259
6440.000 0.242
6450.000 0.234
6460.000 0.220
6470.000 0.215
6480.000 0.203
6490.000 0.192
6500.000 0.188
6510.000 0.180
6520.000 0.175
6530.000 0.168
6540.000 0.160
6550.000 0.156
6560.000 0.146
6570.000 0.146
6580.000 0.412
6590.000 1.277
6600.000 1.008
6610.000 0.314
6620.000 0.160
6630.000 0.111
6640.000 0.098
6650.000 0.099
6660.000 0.099
6670.000 0.099
6680.000 0.098
6690.000 0.097
6700.000 0.096
6710.000 0.094
6720.000 0.094
6730.000 0.093
6740.000 0.091
6750.000 0.091
6760.000 0.089
6770.000 0.088
6780.000 0.086
6790.000 0.085
6800.000 0.084
6810.000 0.084
6820.000 0.083
6830.000 0.081
6840.000 0.080
6850.000 0.080
6860.000 0.079
6870.000 0.078
6880.000 0.078
6890.000 0.076
6900.000 0.076
6910.000 0.076
6920.000 0.075
6930.000 0.074
6940.000 0.074
6950.000 0.074
6960.000 0.073
6970.000 0.073
6980.000 0.073
6990.000 0.072
7000.000 0.072
7010.000 0.072
7020.000 0.071
7030.000 0.070
7040.000 0.070
7050.000 0.070
7060.000 0.070
7070.000 0.070
7080.000 0.070
7090.000 0.070
7100.000 0.070
7110.000 0.069
7120.000 0.070
7130.000 0.070
7140.000 0.069
7150.000 0.070
7160.000 0.069
7170.000 0.069
7180.000 0.069
7190.000 0.069
7210.000 0.070
7220.000 0.069
7230.000 0.071
7240.000 0.071
7250.000 0.070
7260.000 0.071
7270.000 0.071
7280.000 0.073
7290.000 0.073
7300.000 0.076
7310.000 0.076
7320.000 0.076
7330.000 0.078
7340.000 0.079
7350.000 0.080
7360.000 0.083
7370.000 0.086
7380.000 0.088
7390.000 0.093
7400.000 0.097
7410.000 0.105
7420.000 0.119
7430.000 0.127
7440.000 0.156
7450.000 0.177
7460.000 0.241
7470.000 0.311
7480.000 0.335
7490.000 0.263
7500.000 0.255
7510.000 0.110
7520.000 0.070
7530.000 0.060
7540.000 0.056
7550.000 0.056
7560.000 0.055
7570.000 0.055
7580.000 0.055
7590.000 0.055
7600.000 0.056
7610.000 0.056
7620.000 0.056
7630.000 0.058
7640.000 0.059
7650.000 0.059
7660.000 0.062
7670.000 0.063
7680.000 0.063
7690.000 0.065
7700.000 0.065
7710.000 0.066
7720.000 0.066
7730.000 0.069
7740.000 0.069
7750.000 0.070
7760.000 0.072
7770.000 0.073
7780.000 0.074
7790.000 0.077
7800.000 0.077
7810.000 0.079
7820.000 0.080
7830.000 0.083
7840.000 0.085
7850.000 0.086
7860.000 0.089
7870.000 0.091
7880.000 0.095
7890.000 0.099
7900.000 0.101
7910.000 0.106
7920.000 0.109
7930.000 0.114
7940.000 0.121
7950.000 0.124
7960.000 0.134
7970.000 0.139
7980.000 0.151
7990.000 0.167
8000.000 0.176
8010.000 0.201
8020.000 0.218
8030.000 0.263
8040.000 0.338
8050.000 0.491
8060.000 0.634
8070.000 0.894
8080.000 2.079
8090.000 1.001
8100.000 0.890
8110.000 0.306
8120.000 0.137
8130.000 0.122
8140.000 0.083
8150.000 0.072
8160.000 0.051
8170.000 0.036
8180.000 0.023
8190.000 0.013
8200.000 0.009
8210.000 0.004
8220.000 0.003
8230.000 0.008
8240.000 0.014
8250.000 0.017
8260.000 0.023
8270.000 0.025
8280.000 0.032
8290.000 0.035
8300.000 0.038
8310.000 0.043
8320.000 0.046
8330.000 0.050
8340.000 0.055
8350.000 0.058
8360.000 0.062
8370.000 0.065
8380.000 0.070
8390.000 0.074
8400.000 0.078
8410.000 0.083
8420.000 0.086
8430.000 0.092
8440.000 0.098
8450.000 0.100
8460.000 0.107
8470.000 0.110
8480.000 0.115
8490.000 0.119
8500.000 0.121
8510.000 0.120
8520.000 0.116
8530.000 0.091
8540.000 0.062
8550.000 0.220
8560.000 1.128
8570.000 1.253
8580.000 0.608
8590.000 0.580
8600.000 0.541
8610.000 0.674
8620.000 0.745
8630.000 0.951
8640.000 1.301
8650.000 1.581
8660.000 2.237
8670.000 2.353
8680.000 1.340
8690.000 0.839
8700.000 0.890
8710.000 0.804
8720.000 0.709
8730.000 0.562
8740.000 0.514
8750.000 0.437
8760.000 0.380
8770.000 0.358
8780.000 0.320
8790.000 0.304
8800.000 0.276
8810.000 0.254
8820.000 0.244
8830.000 0.226
8840.000 0.218
8850.000 0.204
8860.000 0.193
8870.000 0.187
8880.000 0.177
8890.000 0.173
8900.000 0.164
8910.000 0.158
8920.000 0.155
8930.000 0.148
8940.000 0.146
8950.000 0.140
8960.000 0.134
8970.000 0.132
8980.000 0.129
8990.000 0.126
9000.000 0.122
9010.000 0.119
9020.000 0.117
9030.000 0.114
9040.000 0.113
9050.000 0.110
9060.000 0.107
9070.000 0.107
9080.000 0.104
9090.000 0.102
9100.000 0.101
9110.000 0.099
9120.000 0.098
9130.000 0.097
9140.000 0.096
9150.000 0.095
9160.000 0.093
9170.000 0.093
9180.000 0.092
9190.000 0.091
9200.000 0.089
9210.000 0.088
9220.000 0.088
9230.000 0.086
9240.000 0.087
9250.000 0.085
9260.000 0.085
9270.000 0.085
9280.000 0.084
9290.000 0.083
9300.000 0.084
9310.000 0.084
9320.000 0.083
9330.000 0.083
9340.000 0.082
9350.000 0.082
9360.000 0.082
9370.000 0.082
9380.000 0.083
9390.000 0.083
9400.000 0.084
9410.000 0.085
9420.000 0.086
9430.000 0.088
9440.000 0.090
9450.000 0.096
9460.000 0.106
9470.000 0.115
9480.000 0.151
9490.000 0.188
9500.000 0.353
9510.000 0.609
9520.000 0.312
9530.000 0.159
9540.000 0.100
9550.000 0.063
9560.000 0.066
9570.000 0.067
9580.000 0.066
9590.000 0.067
9600.000 0.067
9610.000 0.069
9620.000 0.069
9630.000 0.071
9640.000 0.072
9650.000 0.073
9660.000 0.074
9670.000 0.076
9680.000 0.078
9690.000 0.079
9700.000 0.080
9710.000 0.083
9720.000 0.084
9730.000 0.087
9740.000 0.092
9750.000 0.097
9760.000 0.101
9770.000 0.105
9780.000 0.115
9790.000 0.122
9800.000 0.140
9810.000 0.188
9820.000 0.214
9830.000 0.248
9840.000 0.284
9850.000 0.320
9860.000 0.213
9870.000 0.128
9880.000 0.105
9890.000 0.096
9900.000 0.082
9910.000 0.060
9920.000 0.010
9930.000 0.016
9940.000 0.021
9950.000 0.024
9960.000 0.024
9970.000 0.027
9980.000 0.030
9990.000 0.030
10000.000 0.032
