110.000 0.042
120.000 0.054
130.000 0.055
140.000 0.059
150.000 0.062
160.000 0.061
170.000 0.063
180.000 0.061
190.000 0.073
200.000 0.068
210.000 0.071
220.000 0.075
230.000 0.074
240.000 0.082
250.000 0.081
260.000 0.084
270.000 0.089
280.000 0.088
290.000 0.094
300.000 0.098
310.000 0.104
320.000 0.111
330.000 0.115
340.000 0.127
350.000 0.129
360.000 0.141
370.000 0.153
380.000 0.161
390.000 0.180
400.000 0.190
410.000 0.212
420.000 0.233
430.000 0.239
440.000 0.248
450.000 0.248
460.000 0.237
470.000 0.212
480.000 0.199
490.000 0.171
500.000 0.158
510.000 0.135
520.000 0.118
530.000 0.110
540.000 0.096
550.000 0.085
560.000 0.080
570.000 0.072
580.000 0.068
590.000 0.061
600.000 0.058
610.000 0.054
620.000 0.047
630.000 0.045
640.000 0.042
650.000 0.040
660.000 0.037
670.000 0.034
680.000 0.034
690.000 0.030
700.000 0.029
710.000 0.028
720.000 0.025
730.000 0.024
740.000 0.023
750.000 0.021
760.000 0.019
770.000 0.019
780.000 0.018
790.000 0.020
800.000 0.017
810.000 0.015
820.000 0.016
830.000 0.014
840.000 0.013
850.000 0.013
860.000 0.013
870.000 0.012
880.000 0.012
890.000 0.010
900.000 0.010
910.000 0.010
920.000 0.009
930.000 0.009
940.000 0.008
950.000 0.007
960.000 0.007
970.000 0.007
980.000 0.007
990.000 0.007
1000.000 0.006
1010.000 0.005
1020.000 0.005
1030.000 0.004
1040.000 0.004
1050.000 0.004
1060.000 0.004
1070.000 0.004
1080.000 0.005
1090.000 0.004
1100.000 0.004
1110.000 0.005
1120.000 0.005
1130.000 0.004
1140.000 0.006
1150.000 0.006
1160.000 0.005
1170.000 0.006
1180.000 0.006
1190.000 0.006
1200.000 0.006
1210.000 0.007
1220.000 0.007
1230.000 0.008
1240.000 0.008
1250.000 0.009
1260.000 0.009
1270.000 0.010
1280.000 0.010
1290.000 0.010
1300.000 0.011
1310.000 0.011
1320.000 0.011
1330.000 0.012
1340.000 0.012
1350.000 0.012
1360.000 0.013
1370.000 0.013
1380.000 0.013
1390.000 0.012
1400.000 0.014
1410.000 0.013
1420.000 0.013
1430.000 0.013
1450.000 0.013
1460.000 0.013
1470.000 0.014
1480.000 0.015
1490.000 0.016
1500.000 0.016
1510.000 0.018
1520.000 0.019
1530.000 0.019
1540.000 0.020
1560.000 0.022
1570.000 0.023
1580.000 0.024
1590.000 0.026
1600.000 0.026
1610.000 0.028
1620.000 0.029
1630.000 0.030
1640.000 0.030
1650.000 0.031
1660.000 0.032
1670.000 0.034
1680.000 0.034
1690.000 0.035
1700.000 0.037
1710.000 0.038
1720.000 0.040
1730.000 0.041
1740.000 0.041
1750.000 0.043
1760.000 0.044
1770.000 0.044
1780.000 0.046
1790.000 0.046
1800.000 0.047
1810.000 0.047
1820.000 0.049
1830.000 0.050
1840.000 0.050
1850.000 0.050
1860.000 0.051
1870.000 0.051
1880.000 0.050
1890.000 0.051
1900.000 0.051
1910.000 0.050
1920.000 0.050
1930.000 0.050
1940.000 0.049
1950.000 0.049
1960.000 0.048
1970.000 0.049
1980.000 0.048
1990.000 0.048
2000.000 0.047
2010.000 0.047
2020.000 0.046
2030.000 0.046
2040.000 0.045
2050.000 0.044
2060.000 0.044
2070.000 0.044
2080.000 0.044
2090.000 0.043
2100.000 0.043
2110.000 0.044
2120.000 0.043
2130.000 0.042
2140.000 0.043
2150.000 0.042
2160.000 0.042
2170.000 0.043
2180.000 0.042
2190.000 0.042
2200.000 0.043
2210.000 0.043
2220.000 0.044
2230.000 0.044
2240.000 0.044
2250.000 0.043
2260.000 0.042
2270.000 0.037
2280.000 0.030
2290.000 0.011
2300.000 0.211
2310.000 0.551
2320.000 2.226
2330.000 2.144
2340.000 0.321
2350.000 0.098
2360.000 0.123
2370.000 0.040
2380.000 0.032
2390.000 0.022
2400.000 0.014
2410.000 0.009
2420.000 0.006
2430.000 0.005
2440.000 0.002
2450.000 0.001
2460.000 0.002
2470.000 0.004
2480.000 0.004
2490.000 0.005
2500.000 0.006
2510.000 0.007
2520.000 0.007
2530.000 0.008
2540.000 0.008
2550.000 0.008
2560.000 0.009
2570.000 0.010
2580.000 0.010
2590.000 0.010
2600.000 0.011
2610.000 0.011
2620.000 0.012
2630.000 0.012
2640.000 0.012
2650.000 0.012
2660.000 0.013
2670.000 0.014
2680.000 0.014
2690.000 0.014
2700.000 0.015
2710.000 0.015
2720.000 0.016
2730.000 0.017
2740.000 0.018
2750.000 0.019
2760.000 0.019
2770.000 0.021
2780.000 0.022
2790.000 0.022
2800.000 0.023
2810.000 0.024
2820.000 0.025
2830.000 0.027
2840.000 0.028
2850.000 0.029
2860.000 0.031
2870.000 0.032
2880.000 0.033
2890.000 0.034
2900.000 0.035
2910.000 0.037
2920.000 0.039
2930.000 0.040
2940.000 0.042
2950.000 0.042
2960.000 0.045
2970.000 0.047
2980.000 0.048
2990.000 0.049
3000.000 0.049
3010.000 0.052
3020.000 0.053
3030.000 0.054
3040.000 0.056
3050.000 0.057
3060.000 0.059
3070.000 0.060
3080.000 0.061
3090.000 0.062
3100.000 0.063
3110.000 0.064
3120.000 0.066
3130.000 0.066
3140.000 0.068
3150.000 0.069
3160.000 0.070
3170.000 0.071
3180.000 0.073
3190.000 0.073
3200.000 0.074
3210.000 0.075
3220.000 0.077
3230.000 0.077
3240.000 0.079
3250.000 0.080
3260.000 0.082
3270.000 0.083
3280.000 0.084
3290.000 0.086
3300.000 0.087
3310.000 0.089
3320.000 0.092
3330.000 0.092
3340.000 0.095
3350.000 0.097
3360.000 0.099
3370.000 0.102
3380.000 0.103
3390.000 0.107
3400.000 0.109
3410.000 0.112
3420.000 0.116
3430.000 0.119
3440.000 0.126
3450.000 0.129
3460.000 0.131
3470.000 0.137
3480.000 0.141
3490.000 0.148
3500.000 0.152
3510.000 0.161
3520.000 0.171
3530.000 0.176
3540.000 0.189
3550.000 0.195
3560.000 0.211
3570.000 0.229
3580.000 0.240
3590.000 0.264
3600.000 0.278
3610.000 0.312
3620.000 0.353
3630.000 0.380
3640.000 0.444
3650.000 0.541
3660.000 0.679
3670.000 0.775
3680.000 0.900
3690.000 1.291
3700.000 1.626
3710.000 3.720
3720.000 4.593
3730.000 1.478
3740.000 0.953
3750.000 0.696
3760.000 0.541
3770.000 0.488
3780.000 0.445
3790.000 0.377
3800.000 0.350
3810.000 0.307
3820.000 0.272
3830.000 0.245
3840.000 0.235
3850.000 0.224
3860.000 0.206
3870.000 0.197
3880.000 0.182
3890.000 0.170
3900.000 0.159
3910.000 0.150
3920.000 0.147
3930.000 0.143
3940.000 0.136
3950.000 0.132
3960.000 0.126
3970.000 0.122
3980.000 0.114
3990.000 0.112
4000.000 0.110
4010.000 0.106
4020.000 0.103
4030.000 0.099
4040.000 0.096
4050.000 0.095
4060.000 0.091
4070.000 0.090
4080.000 0.087
4090.000 0.084
4100.000 0.082
4110.000 0.082
4120.000 0.081
4130.000 0.079
4140.000 0.078
4150.000 0.077
4160.000 0.076
4170.000 0.074
4180.000 0.073
4190.000 0.072
4200.000 0.071
4210.000 0.070
4220.000 0.070
4230.000 0.069
4240.000 0.067
4250.000 0.067
4260.000 0.066
4270.000 0.066
4280.000 0.065
4290.000 0.065
4300.000 0.065
4310.000 0.064
4320.000 0.063
4330.000 0.063
4340.000 0.062
4350.000 0.062
4360.000 0.062
4370.000 0.062
4380.000 0.062
4390.000 0.062
4400.000 0.062
4410.000 0.061
4420.000 0.063
4430.000 0.062
4440.000 0.063
4450.000 0.062
4460.000 0.062
4470.000 0.062
4480.000 0.062
4490.000 0.062
4500.000 0.063
4510.000 0.063
4520.000 0.064
4530.000 0.063
4540.000 0.064
4550.000 0.064
4560.000 0.064
4570.000 0.065
4580.000 0.064
4590.000 0.065
4600.000 0.066
4610.000 0.066
4620.000 0.066
4630.000 0.066
4640.000 0.065
4650.000 0.066
4660.000 0.066
4670.000 0.066
4680.000 0.067
4690.000 0.068
4700.000 0.068
4710.000 0.070
4720.000 0.070
4730.000 0.073
4740.000 0.075
4750.000 0.078
4760.000 0.082
4770.000 0.084
4780.000 0.089
4790.000 0.095
4800.000 0.098
4810.000 0.105
4820.000 0.109
4830.000 0.118
4840.000 0.128
4850.000 0.134
4860.000 0.147
4870.000 0.155
4880.000 0.170
4890.000 0.181
4900.000 0.204
4910.000 0.234
4920.000 0.253
4930.000 0.303
4940.000 0.337
4950.000 0.438
4960.000 0.631
4970.000 0.822
4980.000 1.637
4990.000 1.888
5000.000 1.954
5010.000 0.779
5020.000 0.507
5030.000 0.377
5040.000 0.424
5050.000 0.285
5060.000 0.202
5070.000 0.174
5080.000 0.143
5090.000 0.130
5100.000 0.108
5110.000 0.092
5120.000 0.084
5130.000 0.072
5140.000 0.060
5150.000 0.056
5160.000 0.047
5170.000 0.043
5180.000 0.036
5190.000 0.033
5200.000 0.024
5210.000 0.020
5220.000 0.015
5240.000 0.013
5250.000 0.009
5260.000 0.006
5270.000 0.004
5280.000 0.003
5290.000 0.003
5300.000 0.004
5310.000 0.006
5320.000 0.008
5330.000 0.009
5340.000 0.011
5350.000 0.014
5360.000 0.015
5370.000 0.016
5380.000 0.018
5390.000 0.020
5400.000 0.021
5410.000 0.022
5420.000 0.025
5430.000 0.025
5440.000 0.027
5450.000 0.028
5460.000 0.028
5470.000 0.031
5480.000 0.031
5490.000 0.033
5500.000 0.034
5510.000 0.035
5520.000 0.036
5530.000 0.037
5540.000 0.039
5550.000 0.040
5560.000 0.041
5570.000 0.042
5580.000 0.043
5590.000 0.044
5600.000 0.046
5610.000 0.047
5620.000 0.048
5630.000 0.049
5640.000 0.051
5650.000 0.052
5660.000 0.053
5670.000 0.055
5680.000 0.056
5690.000 0.057
5700.000 0.060
5710.000 0.060
5720.000 0.063
5730.000 0.063
5740.000 0.066
5750.000 0.067
5760.000 0.068
5770.000 0.071
5780.000 0.072
5790.000 0.075
5800.000 0.078
5810.000 0.079
5820.000 0.081
5830.000 0.083
5840.000 0.086
5850.000 0.089
5860.000 0.090
5870.000 0.094
5880.000 0.096
5890.000 0.099
5900.000 0.104
5910.000 0.106
5920.000 0.111
5930.000 0.113
5940.000 0.118
5950.000 0.124
5960.000 0.128
5970.000 0.135
5980.000 0.137
5990.000 0.145
6000.000 0.150
6010.000 0.158
6020.000 0.168
6030.000 0.171
6040.000 0.183
6050.000 0.189
6060.000 0.203
6070.000 0.218
6080.000 0.226
6090.000 0.242
6100.000 0.252
6110.000 0.275
6120.000 0.302
6130.000 0.317
6140.000 0.351
6150.000 0.373
6160.000 0.422
6170.000 0.488
6180.000 0.530
6190.000 0.641
6200.000 0.714
6210.000 0.929
6220.000 1.325
6230.000 1.652
6240.000 2.729
6250.000 3.247
6260.000 1.785
6270.000 1.160
6280.000 0.964
6290.000 0.726
6300.000 0.658
6310.000 0.570
6320.000 0.507
6330.000 0.480
6340.000 0.433
6350.000 0.412
6360.000 0.376
6370.000 0.343
6380.000 0.331
6390.000 0.306
6400.000 0.294
6410.000 0.273
6420.000 0.249
6430.000 0.242
6440.000 0.236
6450.000 0.230
6460.000 0.219
6470.000 0.210
6480.000 0.206
6490.000 0.197
6500.000 0.194
6510.000 0.188
6520.000 0.184
6530.000 0.181
6540.000 0.179
6550.000 0.178
6560.000 0.182
6570.000 0.216
6580.000 0.400
6590.000 1.302
6600.000 0.594
6610.000 0.119
6630.000 0.090
6640.000 0.093
6650.000 0.097
6660.000 0.099
6670.000 0.099
6680.000 0.099
6690.000 0.099
6700.000 0.099
6710.000 0.098
6720.000 0.098
6730.000 0.097
6740.000 0.097
6750.000 0.096
6760.000 0.096
6770.000 0.095
6780.000 0.095
6790.000 0.094
6800.000 0.094
6810.000 0.094
6820.000 0.093
6830.000 0.092
6840.000 0.093
6850.000 0.092
6860.000 0.091
6870.000 0.091
6880.000 0.092
6890.000 0.091
6900.000 0.092
6910.000 0.092
6920.000 0.091
6930.000 0.091
6940.000 0.091
6950.000 0.091
6960.000 0.092
6970.000 0.092
6980.000 0.092
6990.000 0.092
7000.000 0.093
7010.000 0.093
7020.000 0.093
7030.000 0.094
7040.000 0.095
7050.000 0.095
7060.000 0.095
7070.000 0.096
7080.000 0.097
7090.000 0.097
7100.000 0.098
7110.000 0.100
7120.000 0.101
7130.000 0.102
7140.000 0.102
7150.000 0.104
7160.000 0.105
7170.000 0.107
7180.000 0.108
7190.000 0.110
7200.000 0.110
7210.000 0.114
7220.000 0.116
7230.000 0.118
7240.000 0.121
7250.000 0.123
7260.000 0.126
7270.000 0.132
7280.000 0.136
7290.000 0.139
7300.000 0.143
7310.000 0.149
7320.000 0.158
7330.000 0.168
7340.000 0.180
7350.000 0.195
7370.000 0.211
7380.000 0.232
7390.000 0.264
7410.000 0.327
7420.000 0.407
7430.000 0.464
7440.000 0.641
7450.000 0.776
7460.000 1.121
7470.000 1.149
7480.000 0.521
7490.000 0.410
7500.000 0.319
7510.000 0.230
7520.000 0.200
7530.000 0.174
7540.000 0.154
7550.000 0.123
7560.000 0.100
7570.000 0.090
7580.000 0.072
7590.000 0.065
7600.000 0.054
7610.000 0.044
7620.000 0.039
7630.000 0.032
7640.000 0.028
7650.000 0.021
7660.000 0.015
7670.000 0.013
7680.000 0.008
7690.000 0.006
7700.000 0.002
7710.000 0.005
7720.000 0.008
7730.000 0.010
7740.000 0.012
7750.000 0.015
7760.000 0.018
7770.000 0.020
7780.000 0.024
7790.000 0.026
7800.000 0.029
7810.000 0.032
7820.000 0.034
7830.000 0.038
7840.000 0.040
7850.000 0.044
7860.000 0.048
7870.000 0.049
7880.000 0.054
7890.000 0.058
7900.000 0.061
7910.000 0.068
7920.000 0.071
7930.000 0.078
7940.000 0.081
7950.000 0.090
7960.000 0.100
7970.000 0.105
7980.000 0.119
7990.000 0.128
8000.000 0.146
8010.000 0.174
8020.000 0.192
8030.000 0.242
8040.000 0.281
8050.000 0.414
8060.000 0.742
8070.000 1.657
8080.000 2.196
8090.000 1.690
8100.000 0.307
8110.000 0.195
8120.000 0.146
8130.000 0.133
8140.000 0.098
8150.000 0.098
8160.000 0.079
8170.000 0.071
8180.000 0.057
8190.000 0.051
8200.000 0.041
8210.000 0.037
8220.000 0.029
8230.000 0.021
8240.000 0.019
8250.000 0.012
8260.000 0.010
8270.000 0.005
8280.000 0.003
8290.000 0.005
8300.000 0.009
8310.000 0.011
8320.000 0.015
8330.000 0.020
8340.000 0.022
8350.000 0.027
8360.000 0.030
8370.000 0.033
8380.000 0.039
8390.000 0.041
8400.000 0.046
8410.000 0.048
8420.000 0.053
8430.000 0.058
8440.000 0.062
8450.000 0.067
8460.000 0.072
8470.000 0.077
8480.000 0.079
8490.000 0.080
8500.000 0.082
8510.000 0.078
8520.000 0.058
8530.000 0.036
8540.000 0.031
8550.000 0.341
8560.000 0.770
8570.000 0.994
8580.000 0.309
8590.000 0.473
8600.000 0.599
8610.000 0.668
8620.000 0.747
8630.000 0.985
8640.000 1.181
8650.000 1.776
8660.000 2.539
8670.000 2.025
8680.000 1.470
8690.000 1.189
8700.000 0.953
8710.000 0.721
8720.000 0.480
8730.000 0.416
8740.000 0.390
8750.000 0.368
8760.000 0.346
8770.000 0.310
8780.000 0.296
8790.000 0.273
8800.000 0.243
8810.000 0.233
8820.000 0.226
8830.000 0.219
8840.000 0.206
8850.000 0.196
8860.000 0.187
8870.000 0.182
8880.000 0.178
8890.000 0.171
8900.000 0.164
8910.000 0.156
8920.000 0.152
8930.000 0.150
8940.000 0.147
8950.000 0.145
8960.000 0.142
8970.000 0.138
8980.000 0.136
8990.000 0.134
9000.000 0.130
9010.000 0.126
9030.000 0.124
9040.000 0.122
9050.000 0.121
9060.000 0.118
9070.000 0.118
9080.000 0.117
9090.000 0.116
9100.000 0.114
9110.000 0.113
9120.000 0.112
9130.000 0.112
9140.000 0.111
9150.000 0.110
9160.000 0.110
9170.000 0.108
9180.000 0.109
9190.000 0.109
9200.000 0.109
9210.000 0.109
9220.000 0.108
9230.000 0.108
9240.000 0.108
9250.000 0.108
9260.000 0.108
9270.000 0.109
9280.000 0.109
9290.000 0.110
9300.000 0.110
9310.000 0.111
9320.000 0.112
9330.000 0.113
9340.000 0.114
9350.000 0.114
9360.000 0.116
9370.000 0.118
9380.000 0.121
9390.000 0.123
9400.000 0.127
9410.000 0.130
9420.000 0.135
9430.000 0.144
9440.000 0.149
9450.000 0.164
9460.000 0.175
9470.000 0.209
9480.000 0.285
9490.000 0.359
9500.000 0.608
9510.000 0.573
9520.000 0.158
9530.000 0.072
9540.000 0.041
9550.000 0.054
9560.000 0.059
9570.000 0.070
9580.000 0.078
9590.000 0.082
9600.000 0.091
9610.000 0.094
9620.000 0.101
9630.000 0.106
9650.000 0.112
9660.000 0.118
9670.000 0.126
9680.000 0.133
9690.000 0.142
9710.000 0.151
9720.000 0.162
9730.000 0.177
9740.000 0.194
9750.000 0.216
9770.000 0.239
9780.000 0.277
9790.000 0.329
9800.000 0.406
9810.000 0.463
9820.000 0.533
9830.000 0.620
9840.000 0.849
9850.000 0.916
9860.000 0.749
9870.000 0.402
9880.000 0.295
9890.000 0.247
9900.000 0.370
9910.000 0.358
9920.000 0.251
9930.000 0.217
9940.000 0.173
9950.000 0.143
9960.000 0.131
9970.000 0.111
9980.000 0.102
9990.000 0.089
