110.000 0.029
120.000 0.050
130.000 0.053
140.000 0.066
150.000 0.054
160.000 0.060
170.000 0.065
180.000 0.065
190.000 0.066
200.000 0.063
210.000 0.073
220.000 0.077
230.000 0.077
240.000 0.079
260.000 0.083
270.000 0.089
280.000 0.091
290.000 0.098
300.000 0.099
310.000 0.109
320.000 0.117
330.000 0.123
340.000 0.136
350.000 0.145
360.000 0.154
370.000 0.166
380.000 0.174
390.000 0.200
400.000 0.214
410.000 0.229
420.000 0.246
430.000 0.265
440.000 0.259
450.000 0.247
460.000 0.229
470.000 0.216
480.000 0.190
490.000 0.174
500.000 0.151
510.000 0.140
520.000 0.121
530.000 0.123
540.000 0.100
550.000 0.094
560.000 0.083
570.000 0.080
580.000 0.073
590.000 0.064
600.000 0.061
610.000 0.056
620.000 0.054
630.000 0.049
640.000 0.045
650.000 0.043
660.000 0.041
670.000 0.039
680.000 0.036
690.000 0.034
700.000 0.032
710.000 0.029
720.000 0.029
730.000 0.027
740.000 0.025
750.000 0.024
760.000 0.022
770.000 0.022
780.000 0.021
790.000 0.020
800.000 0.019
810.000 0.017
820.000 0.017
830.000 0.015
840.000 0.015
850.000 0.014
860.000 0.013
870.000 0.013
880.000 0.013
890.000 0.012
900.000 0.012
910.000 0.010
920.000 0.011
930.000 0.009
940.000 0.009
950.000 0.007
960.000 0.007
970.000 0.007
980.000 0.007
990.000 0.006
1000.000 0.007
1010.000 0.006
1020.000 0.005
1030.000 0.005
1040.000 0.006
1050.000 0.006
1060.000 0.005
1070.000 0.005
1080.000 0.006
1090.000 0.005
1100.000 0.006
1110.000 0.005
1120.000 0.006
1130.000 0.007
1140.000 0.007
1150.000 0.007
1160.000 0.007
1170.000 0.008
1180.000 0.008
1190.000 0.009
1200.000 0.009
1210.000 0.010
1220.000 0.010
1230.000 0.011
1240.000 0.011
1250.000 0.011
1260.000 0.013
1270.000 0.014
1280.000 0.014
1290.000 0.014
1300.000 0.016
1310.000 0.016
1320.000 0.016
1330.000 0.017
1340.000 0.018
1350.000 0.018
1360.000 0.019
1370.000 0.020
1380.000 0.021
1390.000 0.020
1400.000 0.021
1410.000 0.021
1420.000 0.021
1430.000 0.021
1440.000 0.021
1450.000 0.021
1460.000 0.021
1470.000 0.022
1480.000 0.025
1490.000 0.026
1500.000 0.027
1510.000 0.030
1520.000 0.030
1530.000 0.033
1540.000 0.035
1550.000 0.036
1560.000 0.039
1570.000 0.040
1580.000 0.044
1590.000 0.046
1600.000 0.047
1610.000 0.051
1620.000 0.053
1630.000 0.055
1640.000 0.059
1650.000 0.061
1660.000 0.065
1670.000 0.066
1680.000 0.070
1690.000 0.072
1700.000 0.076
1710.000 0.081
1720.000 0.084
1730.000 0.088
1740.000 0.090
1750.000 0.094
1760.000 0.099
1770.000 0.100
1780.000 0.105
1790.000 0.107
1800.000 0.112
1810.000 0.116
1820.000 0.118
1830.000 0.122
1840.000 0.124
1850.000 0.127
1860.000 0.131
1870.000 0.132
1880.000 0.136
1890.000 0.137
1900.000 0.139
1910.000 0.142
1920.000 0.144
1930.000 0.146
1940.000 0.148
1950.000 0.149
1960.000 0.151
1970.000 0.153
1980.000 0.154
1990.000 0.156
2000.000 0.159
2010.000 0.162
2020.000 0.162
2030.000 0.165
2040.000 0.168
2050.000 0.172
2060.000 0.176
2070.000 0.178
2080.000 0.183
2090.000 0.186
2100.000 0.192
2110.000 0.199
2120.000 0.203
2130.000 0.213
2140.000 0.217
2150.000 0.229
2160.000 0.241
2170.000 0.249
2180.000 0.266
2190.000 0.277
2200.000 0.300
2210.000 0.329
2220.000 0.347
2230.000 0.390
2240.000 0.420
2250.000 0.490
2260.000 0.597
2270.000 0.765
2280.000 0.902
2290.000 1.354
2300.000 2.373
2310.000 3.182
2320.000 3.781
2330.000 1.529
2340.000 1.268
2350.000 0.768
2360.000 0.547
2370.000 0.475
2380.000 0.382
2390.000 0.346
2400.000 0.292
2410.000 0.251
2420.000 0.233
2430.000 0.205
2440.000 0.194
2450.000 0.174
2460.000 0.166
2470.000 0.150
2480.000 0.137
2490.000 0.132
2500.000 0.122
2510.000 0.113
2520.000 0.110
2530.000 0.103
2540.000 0.100
2550.000 0.094
2560.000 0.092
2570.000 0.087
2580.000 0.083
2590.000 0.081
2600.000 0.078
2610.000 0.077
2620.000 0.075
2630.000 0.073
2640.000 0.072
2650.000 0.070
2660.000 0.069
2670.000 0.069
2680.000 0.068
2690.000 0.067
2700.000 0.068
2710.000 0.068
2720.000 0.068
2730.000 0.069
2740.000 0.069
2750.000 0.070
2760.000 0.071
2770.000 0.072
2780.000 0.074
2790.000 0.074
2800.000 0.076
2810.000 0.078
2820.000 0.079
2830.000 0.082
2840.000 0.083
2850.000 0.086
2860.000 0.086
2870.000 0.089
2880.000 0.091
2890.000 0.092
2900.000 0.093
2910.000 0.096
2920.000 0.099
2930.000 0.101
2940.000 0.102
2950.000 0.104
2960.000 0.105
2970.000 0.108
2980.000 0.109
2990.000 0.111
3000.000 0.113
3010.000 0.115
3020.000 0.115
3030.000 0.117
3040.000 0.118
3050.000 0.119
3060.000 0.119
3070.000 0.120
3080.000 0.120
3090.000 0.122
3100.000 0.123
3110.000 0.123
3120.000 0.123
3130.000 0.124
3140.000 0.124
3150.000 0.125
3160.000 0.125
3170.000 0.125
3180.000 0.126
3190.000 0.125
3200.000 0.125
3210.000 0.125
3220.000 0.126
3230.000 0.126
3240.000 0.126
3250.000 0.127
3260.000 0.127
3270.000 0.128
3280.000 0.129
3290.000 0.130
3300.000 0.130
3310.000 0.131
3320.000 0.132
3330.000 0.134
3340.000 0.135
3350.000 0.136
3360.000 0.138
3370.000 0.140
3380.000 0.143
3390.000 0.143
3400.000 0.147
3410.000 0.148
3420.000 0.151
3430.000 0.156
3440.000 0.158
3450.000 0.163
3460.000 0.166
3470.000 0.172
3480.000 0.178
3490.000 0.182
3500.000 0.189
3510.000 0.193
3520.000 0.204
3530.000 0.215
3540.000 0.221
3550.000 0.235
3560.000 0.244
3570.000 0.262
3580.000 0.284
3590.000 0.298
3600.000 0.313
3610.000 0.346
3620.000 0.391
3630.000 0.450
3640.000 0.489
3650.000 0.534
3660.000 0.656
3670.000 0.858
3680.000 1.216
3690.000 1.518
3700.000 1.968
3710.000 3.846
3720.000 2.918
3730.000 1.130
3740.000 0.925
3750.000 0.677
3760.000 0.584
3770.000 0.469
3780.000 0.391
3790.000 0.360
3800.000 0.309
3810.000 0.288
3820.000 0.256
3830.000 0.241
3840.000 0.216
3850.000 0.197
3860.000 0.188
3870.000 0.171
3880.000 0.159
3890.000 0.152
3900.000 0.143
3910.000 0.138
3920.000 0.129
3930.000 0.121
3940.000 0.117
3950.000 0.114
3960.000 0.108
3970.000 0.103
3980.000 0.100
3990.000 0.095
4000.000 0.091
4010.000 0.088
4020.000 0.084
4030.000 0.082
4040.000 0.079
4050.000 0.075
4060.000 0.073
4070.000 0.071
4080.000 0.070
4090.000 0.068
4100.000 0.065
4110.000 0.065
4120.000 0.063
4130.000 0.061
4140.000 0.060
4150.000 0.058
4160.000 0.058
4170.000 0.056
4180.000 0.055
4190.000 0.053
4200.000 0.053
4210.000 0.052
4220.000 0.051
4230.000 0.051
4240.000 0.050
4250.000 0.049
4260.000 0.048
4270.000 0.047
4280.000 0.047
4290.000 0.046
4300.000 0.046
4310.000 0.045
4320.000 0.045
4330.000 0.045
4340.000 0.044
4350.000 0.043
4360.000 0.043
4370.000 0.043
4380.000 0.042
4390.000 0.042
4400.000 0.041
4410.000 0.042
4420.000 0.041
4430.000 0.041
4440.000 0.041
4450.000 0.041
4460.000 0.040
4470.000 0.040
4480.000 0.040
4490.000 0.039
4500.000 0.040
4510.000 0.039
4520.000 0.039
4530.000 0.039
4540.000 0.038
4550.000 0.038
4560.000 0.038
4570.000 0.039
4580.000 0.038
4590.000 0.037
4600.000 0.037
4610.000 0.036
4620.000 0.036
4630.000 0.035
4640.000 0.035
4650.000 0.034
4660.000 0.033
4670.000 0.034
4680.000 0.033
4690.000 0.033
4700.000 0.033
4710.000 0.033
4720.000 0.033
4730.000 0.034
4740.000 0.036
4750.000 0.037
4760.000 0.038
4770.000 0.039
4780.000 0.041
4790.000 0.044
4800.000 0.047
4810.000 0.048
4820.000 0.050
4830.000 0.052
4840.000 0.055
4850.000 0.057
4860.000 0.060
4870.000 0.062
4880.000 0.067
4890.000 0.070
4900.000 0.074
4910.000 0.076
4920.000 0.078
4930.000 0.077
4940.000 0.068
4950.000 0.030
4960.000 0.032
4970.000 0.463
4980.000 1.155
4990.000 2.583
5000.000 2.012
5010.000 2.406
5020.000 0.465
5030.000 0.488
5040.000 0.206
5050.000 0.177
5060.000 0.133
5070.000 0.104
5080.000 0.090
5090.000 0.070
5100.000 0.056
5110.000 0.049
5120.000 0.040
5130.000 0.035
5140.000 0.029
5150.000 0.024
5160.000 0.021
5170.000 0.017
5180.000 0.014
5190.000 0.012
5200.000 0.009
5210.000 0.008
5220.000 0.007
5230.000 0.005
5240.000 0.006
5260.000 0.007
5270.000 0.008
5280.000 0.008
5300.000 0.010
5310.000 0.011
5320.000 0.012
5330.000 0.013
5340.000 0.014
5350.000 0.014
5370.000 0.015
5380.000 0.016
5390.000 0.017
5400.000 0.017
5410.000 0.019
5420.000 0.019
5440.000 0.020
5450.000 0.021
5460.000 0.021
5470.000 0.021
5480.000 0.023
5490.000 0.022
5500.000 0.023
5510.000 0.023
5520.000 0.024
5530.000 0.025
5540.000 0.025
5550.000 0.026
5560.000 0.027
5570.000 0.027
5580.000 0.028
5590.000 0.028
5600.000 0.029
5610.000 0.029
5620.000 0.030
5630.000 0.030
5640.000 0.031
5650.000 0.032
5660.000 0.032
5670.000 0.033
5680.000 0.034
5690.000 0.034
5700.000 0.035
5710.000 0.036
5720.000 0.038
5730.000 0.038
5740.000 0.039
5750.000 0.040
5760.000 0.040
5770.000 0.042
5780.000 0.042
5790.000 0.043
5800.000 0.044
5810.000 0.046
5820.000 0.047
5830.000 0.047
5840.000 0.050
5850.000 0.051
5860.000 0.052
5870.000 0.054
5880.000 0.055
5890.000 0.057
5900.000 0.059
5910.000 0.060
5920.000 0.061
5930.000 0.064
5940.000 0.067
5950.000 0.069
5960.000 0.072
5970.000 0.076
5980.000 0.077
5990.000 0.082
6000.000 0.084
6010.000 0.089
6020.000 0.092
6030.000 0.097
6040.000 0.105
6050.000 0.108
6060.000 0.118
6070.000 0.123
6080.000 0.134
6090.000 0.148
6100.000 0.156
6110.000 0.176
6120.000 0.199
6130.000 0.213
6140.000 0.244
6150.000 0.264
6160.000 0.315
6170.000 0.391
6180.000 0.438
6190.000 0.568
6200.000 0.658
6210.000 0.938
6220.000 1.498
6230.000 1.981
6240.000 3.536
6250.000 3.950
6260.000 1.462
6270.000 0.958
6280.000 0.817
6290.000 0.689
6300.000 0.505
6310.000 0.378
6320.000 0.286
6330.000 0.252
6340.000 0.198
6350.000 0.176
6360.000 0.145
6370.000 0.120
6380.000 0.111
6390.000 0.094
6400.000 0.087
6410.000 0.073
6420.000 0.061
6430.000 0.055
6440.000 0.043
6450.000 0.036
6460.000 0.024
6470.000 0.012
6480.000 0.010
6490.000 0.024
6500.000 0.035
6510.000 0.062
6520.000 0.103
6530.000 0.131
6540.000 0.218
6550.000 0.286
6560.000 0.566
6570.000 1.395
6580.000 2.288
6590.000 1.658
6600.000 0.932
6610.000 0.312
6620.000 0.354
6630.000 0.286
6640.000 0.276
6650.000 0.249
6660.000 0.225
6670.000 0.202
6680.000 0.196
6690.000 0.184
6700.000 0.180
6710.000 0.170
6720.000 0.163
6730.000 0.160
6740.000 0.158
6750.000 0.153
6760.000 0.149
6770.000 0.147
6780.000 0.144
6790.000 0.142
6800.000 0.140
6810.000 0.139
6820.000 0.137
6830.000 0.136
6840.000 0.134
6860.000 0.133
6870.000 0.133
6880.000 0.132
6890.000 0.132
6910.000 0.133
6920.000 0.133
6930.000 0.133
6940.000 0.134
6950.000 0.134
6970.000 0.136
6980.000 0.137
6990.000 0.138
7000.000 0.140
7010.000 0.141
7020.000 0.143
7030.000 0.144
7040.000 0.147
7050.000 0.148
7060.000 0.151
7070.000 0.154
7080.000 0.156
7100.000 0.159
7110.000 0.162
7120.000 0.167
7130.000 0.171
7140.000 0.176
7150.000 0.179
7160.000 0.185
7170.000 0.191
7180.000 0.194
7190.000 0.202
7210.000 0.209
7220.000 0.218
7230.000 0.228
7240.000 0.240
7250.000 0.245
7260.000 0.259
7280.000 0.279
7290.000 0.299
7300.000 0.309
7310.000 0.332
7320.000 0.361
7330.000 0.397
7340.000 0.416
7350.000 0.466
7360.000 0.495
7370.000 0.561
7380.000 0.603
7390.000 0.709
7400.000 0.779
7410.000 0.974
7420.000 1.111
7430.000 1.530
7440.000 2.323
7450.000 3.739
7470.000 3.300
7480.000 1.080
7490.000 0.961
7500.000 0.775
7520.000 0.655
7530.000 0.552
7540.000 0.475
7550.000 0.418
7560.000 0.394
7580.000 0.357
7590.000 0.306
7600.000 0.293
7610.000 0.271
7620.000 0.249
7630.000 0.240
7640.000 0.223
7650.000 0.216
7660.000 0.203
7670.000 0.191
7680.000 0.179
7690.000 0.174
7700.000 0.164
7710.000 0.156
7720.000 0.152
7730.000 0.145
7740.000 0.138
7750.000 0.134
7760.000 0.127
7780.000 0.122
7790.000 0.117
7800.000 0.111
7810.000 0.106
7830.000 0.101
7840.000 0.096
7850.000 0.090
7860.000 0.085
7870.000 0.084
7880.000 0.078
7890.000 0.072
7900.000 0.069
7910.000 0.063
7920.000 0.059
7930.000 0.052
7940.000 0.044
7950.000 0.034
7960.000 0.029
7970.000 0.015
7990.000 0.006
8000.000 0.025
8010.000 0.061
8020.000 0.112
8030.000 0.217
8050.000 0.369
8060.000 0.949
8070.000 1.862
8080.000 0.572
8090.000 0.418
8110.000 0.320
8120.000 0.271
8130.000 0.254
8140.000 0.241
8150.000 0.225
8160.000 0.212
8170.000 0.208
8180.000 0.199
8190.000 0.193
8200.000 0.191
8210.000 0.186
8220.000 0.184
8230.000 0.184
8240.000 0.182
8250.000 0.181
8260.000 0.180
8270.000 0.180
8280.000 0.180
8290.000 0.181
8300.000 0.181
8310.000 0.181
8320.000 0.184
8330.000 0.188
8350.000 0.190
8360.000 0.192
8370.000 0.197
8380.000 0.201
8390.000 0.207
8410.000 0.211
8420.000 0.217
8430.000 0.225
8440.000 0.228
8450.000 0.237
8460.000 0.242
8470.000 0.250
8480.000 0.260
8490.000 0.268
8500.000 0.271
8510.000 0.270
8520.000 0.246
8530.000 0.172
8540.000 0.310
8550.000 1.461
8570.000 0.427
8580.000 0.889
8590.000 0.840
8600.000 1.061
8620.000 1.301
8630.000 1.734
8640.000 2.537
8650.000 3.702
8670.000 3.671
8680.000 2.031
8690.000 1.279
8700.000 0.686
8710.000 0.628
8720.000 0.590
8730.000 0.516
8740.000 0.454
8750.000 0.403
8760.000 0.382
8780.000 0.353
8790.000 0.321
8800.000 0.294
8810.000 0.271
8820.000 0.261
8830.000 0.244
8840.000 0.227
8850.000 0.213
8860.000 0.207
8870.000 0.196
8890.000 0.188
8900.000 0.175
8910.000 0.171
8920.000 0.164
8940.000 0.155
8950.000 0.152
8960.000 0.144
8970.000 0.142
8980.000 0.137
8990.000 0.132
9000.000 0.130
9020.000 0.126
9030.000 0.122
9040.000 0.119
9060.000 0.117
9070.000 0.114
9080.000 0.112
9090.000 0.110
9100.000 0.108
9120.000 0.107
9130.000 0.105
9140.000 0.103
9150.000 0.102
9160.000 0.101
9170.000 0.100
9180.000 0.099
9190.000 0.097
9200.000 0.097
9210.000 0.095
9220.000 0.095
9230.000 0.095
9250.000 0.094
9260.000 0.093
9270.000 0.092
9280.000 0.091
9300.000 0.091
9310.000 0.090
9320.000 0.089
9330.000 0.089
9340.000 0.089
9360.000 0.087
9370.000 0.086
9380.000 0.085
9390.000 0.084
9400.000 0.082
9420.000 0.079
9430.000 0.075
9440.000 0.069
9450.000 0.059
9460.000 0.040
9480.000 0.023
9490.000 0.136
9500.000 0.663
9510.000 0.582
9520.000 0.164
9530.000 0.170
9540.000 0.172
9550.000 0.177
9570.000 0.174
9580.000 0.172
9590.000 0.173
9600.000 0.175
9610.000 0.180
9620.000 0.185
9640.000 0.192
9650.000 0.200
9660.000 0.205
9670.000 0.216
9680.000 0.222
9690.000 0.237
9700.000 0.253
9710.000 0.263
9720.000 0.286
9730.000 0.300
9740.000 0.330
9750.000 0.372
9760.000 0.397
9770.000 0.458
9780.000 0.502
9790.000 0.608
9800.000 0.680
9810.000 0.886
9820.000 1.232
9830.000 1.466
9840.000 1.901
9850.000 1.538
9860.000 1.161
9870.000 0.781
9880.000 0.726
9890.000 0.732
9900.000 0.638
9910.000 0.567
9920.000 0.460
9930.000 0.388
9940.000 0.361
9950.000 0.319
9960.000 0.285
9970.000 0.272
9980.000 0.248
9990.000 0.230
