110.000 0.027
120.000 0.048
130.000 0.050
140.000 0.057
150.000 0.055
160.000 0.063
170.000 0.066
180.000 0.062
190.000 0.071
200.000 0.070
210.000 0.070
220.000 0.075
230.000 0.074
240.000 0.080
250.000 0.081
260.000 0.084
270.000 0.088
280.000 0.094
290.000 0.096
300.000 0.101
310.000 0.103
320.000 0.110
330.000 0.121
340.000 0.124
350.000 0.136
360.000 0.141
370.000 0.156
380.000 0.172
390.000 0.180
400.000 0.201
410.000 0.213
420.000 0.233
430.000 0.242
440.000 0.256
450.000 0.254
460.000 0.248
470.000 0.226
480.000 0.212
490.000 0.184
500.000 0.157
510.000 0.146
520.000 0.127
530.000 0.117
540.000 0.103
550.000 0.093
560.000 0.088
570.000 0.076
580.000 0.073
590.000 0.067
600.000 0.061
610.000 0.058
620.000 0.052
630.000 0.051
640.000 0.046
650.000 0.042
660.000 0.041
670.000 0.037
680.000 0.037
690.000 0.034
700.000 0.031
710.000 0.028
730.000 0.025
740.000 0.025
750.000 0.023
760.000 0.021
770.000 0.022
780.000 0.019
790.000 0.019
800.000 0.019
810.000 0.018
820.000 0.016
830.000 0.015
840.000 0.015
850.000 0.014
860.000 0.013
870.000 0.013
880.000 0.011
890.000 0.011
900.000 0.011
910.000 0.011
920.000 0.010
930.000 0.009
940.000 0.009
950.000 0.008
960.000 0.007
970.000 0.006
980.000 0.006
990.000 0.006
1000.000 0.007
1010.000 0.006
1020.000 0.005
1030.000 0.006
1040.000 0.005
1050.000 0.006
1060.000 0.004
1070.000 0.005
1080.000 0.005
1090.000 0.006
1100.000 0.005
1110.000 0.006
1120.000 0.006
1130.000 0.007
1140.000 0.007
1150.000 0.007
1160.000 0.007
1170.000 0.007
1180.000 0.008
1190.000 0.009
1200.000 0.008
1210.000 0.011
1220.000 0.011
1230.000 0.011
1240.000 0.011
1250.000 0.012
1260.000 0.013
1270.000 0.013
1280.000 0.014
1290.000 0.014
1300.000 0.015
1310.000 0.015
1320.000 0.016
1330.000 0.017
1340.000 0.018
1350.000 0.018
1360.000 0.019
1370.000 0.020
1380.000 0.020
1390.000 0.021
1400.000 0.021
1410.000 0.022
1420.000 0.021
1430.000 0.022
1440.000 0.021
1450.000 0.022
1460.000 0.022
1470.000 0.024
1480.000 0.024
1490.000 0.026
1500.000 0.028
1510.000 0.029
1520.000 0.031
1530.000 0.032
1540.000 0.034
1550.000 0.037
1560.000 0.039
1570.000 0.041
1580.000 0.043
1590.000 0.045
1600.000 0.049
1610.000 0.050
1620.000 0.054
1630.000 0.056
1640.000 0.058
1650.000 0.062
1660.000 0.066
1670.000 0.068
1680.000 0.070
1690.000 0.074
1700.000 0.078
1710.000 0.083
1720.000 0.088
1730.000 0.090
1740.000 0.092
1750.000 0.097
1760.000 0.099
1770.000 0.102
1780.000 0.106
1790.000 0.109
1800.000 0.115
1810.000 0.117
1820.000 0.120
1830.000 0.123
1840.000 0.126
1850.000 0.131
1860.000 0.132
1870.000 0.136
1880.000 0.138
1890.000 0.140
1900.000 0.144
1910.000 0.146
1920.000 0.149
1930.000 0.149
1940.000 0.151
1950.000 0.152
1960.000 0.156
1970.000 0.159
1980.000 0.161
1990.000 0.162
2000.000 0.164
2010.000 0.166
2020.000 0.168
2030.000 0.170
2040.000 0.173
2050.000 0.177
2060.000 0.182
2070.000 0.184
2080.000 0.187
2090.000 0.192
2100.000 0.199
2110.000 0.207
2120.000 0.216
2130.000 0.226
2140.000 0.226
2150.000 0.237
2160.000 0.244
2170.000 0.261
2180.000 0.278
2190.000 0.302
2200.000 0.315
2210.000 0.329
2220.000 0.367
2230.000 0.388
2240.000 0.443
2250.000 0.521
2260.000 0.574
2270.000 0.714
2280.000 0.823
2290.000 1.178
2300.000 1.939
2310.000 2.616
2320.000 3.918
2330.000 3.091
2340.000 1.261
2350.000 0.739
2360.000 0.626
2370.000 0.482
2380.000 0.429
2390.000 0.353
2400.000 0.298
2410.000 0.276
2420.000 0.241
2430.000 0.226
2440.000 0.199
2450.000 0.181
2460.000 0.172
2470.000 0.156
2480.000 0.150
2490.000 0.138
2500.000 0.127
2510.000 0.123
2520.000 0.115
2530.000 0.111
2540.000 0.105
2550.000 0.099
2560.000 0.098
2570.000 0.092
2580.000 0.090
2590.000 0.085
2600.000 0.084
2610.000 0.080
2620.000 0.078
2630.000 0.078
2640.000 0.076
2650.000 0.075
2660.000 0.073
2670.000 0.073
2680.000 0.073
2690.000 0.072
2700.000 0.072
2710.000 0.072
2720.000 0.072
2730.000 0.073
2740.000 0.074
2750.000 0.074
2760.000 0.076
2770.000 0.077
2780.000 0.078
2790.000 0.079
2800.000 0.080
2810.000 0.082
2820.000 0.084
2830.000 0.085
2840.000 0.088
2850.000 0.089
2860.000 0.092
2870.000 0.095
2880.000 0.096
2890.000 0.100
2900.000 0.100
2910.000 0.103
2920.000 0.106
2930.000 0.107
2940.000 0.110
2950.000 0.111
2960.000 0.115
2970.000 0.117
2980.000 0.118
2990.000 0.121
3000.000 0.121
3010.000 0.122
3020.000 0.125
3030.000 0.125
3040.000 0.127
3050.000 0.127
3060.000 0.128
3070.000 0.129
3080.000 0.129
3090.000 0.131
3100.000 0.131
3110.000 0.132
3120.000 0.133
3130.000 0.133
3140.000 0.133
3150.000 0.133
3160.000 0.134
3170.000 0.135
3180.000 0.135
3190.000 0.135
3200.000 0.136
3210.000 0.136
3220.000 0.137
3230.000 0.137
3240.000 0.138
3250.000 0.138
3260.000 0.141
3270.000 0.140
3280.000 0.141
3290.000 0.142
3300.000 0.143
3310.000 0.144
3320.000 0.147
3330.000 0.147
3340.000 0.149
3350.000 0.151
3360.000 0.153
3370.000 0.156
3380.000 0.157
3390.000 0.161
3400.000 0.163
3410.000 0.167
3420.000 0.171
3430.000 0.174
3440.000 0.179
3450.000 0.181
3460.000 0.186
3470.000 0.194
3480.000 0.198
3490.000 0.206
3500.000 0.211
3510.000 0.222
3520.000 0.233
3530.000 0.240
3540.000 0.254
3550.000 0.261
3560.000 0.281
3570.000 0.303
3580.000 0.315
3590.000 0.344
3600.000 0.379
3610.000 0.401
3620.000 0.455
3630.000 0.487
3640.000 0.569
3650.000 0.624
3660.000 0.775
3670.000 1.012
3680.000 1.215
3690.000 1.876
3700.000 2.464
3710.000 5.272
3720.000 1.690
3730.000 1.036
3750.000 0.816
3760.000 0.633
3770.000 0.513
3780.000 0.433
3790.000 0.372
3800.000 0.348
3810.000 0.309
3820.000 0.292
3830.000 0.275
3840.000 0.262
3850.000 0.237
3860.000 0.227
3870.000 0.208
3880.000 0.192
3890.000 0.185
3900.000 0.172
3910.000 0.166
3920.000 0.156
3930.000 0.147
3940.000 0.144
3950.000 0.136
3960.000 0.132
3970.000 0.126
3980.000 0.120
3990.000 0.117
4000.000 0.112
4010.000 0.109
4020.000 0.105
4030.000 0.100
4040.000 0.098
4050.000 0.094
4060.000 0.091
4070.000 0.089
4080.000 0.087
4090.000 0.085
4100.000 0.082
4110.000 0.080
4120.000 0.080
4130.000 0.076
4140.000 0.076
4150.000 0.074
4160.000 0.073
4170.000 0.071
4180.000 0.070
4190.000 0.069
4200.000 0.068
4210.000 0.067
4220.000 0.066
4230.000 0.066
4240.000 0.065
4250.000 0.063
4260.000 0.062
4270.000 0.062
4280.000 0.061
4290.000 0.060
4300.000 0.060
4320.000 0.060
4330.000 0.060
4340.000 0.059
4350.000 0.058
4360.000 0.059
4370.000 0.057
4380.000 0.058
4390.000 0.058
4400.000 0.058
4410.000 0.058
4420.000 0.057
4430.000 0.058
4440.000 0.057
4450.000 0.057
4460.000 0.057
4470.000 0.057
4480.000 0.057
4490.000 0.057
4500.000 0.058
4510.000 0.058
4520.000 0.058
4530.000 0.059
4540.000 0.058
4550.000 0.058
4560.000 0.059
4570.000 0.058
4580.000 0.059
4590.000 0.058
4600.000 0.058
4610.000 0.058
4620.000 0.058
4630.000 0.058
4640.000 0.057
4650.000 0.058
4660.000 0.058
4670.000 0.058
4680.000 0.058
4690.000 0.059
4700.000 0.059
4710.000 0.061
4720.000 0.063
4730.000 0.065
4740.000 0.066
4750.000 0.068
4760.000 0.073
4770.000 0.076
4780.000 0.081
4790.000 0.084
4800.000 0.091
4810.000 0.099
4820.000 0.103
4830.000 0.111
4840.000 0.121
4850.000 0.133
4870.000 0.146
4880.000 0.167
4890.000 0.176
4900.000 0.198
4910.000 0.210
4920.000 0.222
4930.000 0.253
4940.000 0.288
4950.000 0.315
4960.000 0.305
4970.000 0.356
4980.000 1.181
4990.000 3.624
5000.000 2.074
5010.000 1.273
5020.000 0.861
5030.000 0.861
5040.000 0.535
5050.000 0.470
5060.000 0.346
5070.000 0.306
5080.000 0.269
5090.000 0.222
5100.000 0.203
5110.000 0.175
5120.000 0.164
5130.000 0.147
5140.000 0.131
5150.000 0.124
5160.000 0.112
5170.000 0.106
5180.000 0.098
5190.000 0.090
5200.000 0.087
5210.000 0.079
5220.000 0.075
5230.000 0.070
5240.000 0.065
5250.000 0.063
5260.000 0.059
5270.000 0.056
5280.000 0.053
5290.000 0.049
5300.000 0.046
5310.000 0.045
5320.000 0.043
5330.000 0.040
5340.000 0.038
5350.000 0.037
5360.000 0.035
5370.000 0.034
5380.000 0.031
5390.000 0.030
5400.000 0.029
5410.000 0.026
5420.000 0.026
5430.000 0.024
5440.000 0.024
5450.000 0.022
5460.000 0.021
5470.000 0.020
5480.000 0.019
5490.000 0.019
5500.000 0.017
5510.000 0.016
5520.000 0.016
5530.000 0.014
5540.000 0.014
5550.000 0.013
5560.000 0.013
5570.000 0.012
5580.000 0.011
5590.000 0.011
5600.000 0.010
5610.000 0.009
5620.000 0.009
5630.000 0.008
5640.000 0.008
5650.000 0.007
5660.000 0.006
5670.000 0.006
5680.000 0.006
5690.000 0.005
5700.000 0.006
5710.000 0.005
5720.000 0.005
5730.000 0.004
5740.000 0.005
5750.000 0.004
5760.000 0.005
5770.000 0.005
5780.000 0.005
5790.000 0.006
5800.000 0.005
5810.000 0.007
5820.000 0.007
5830.000 0.007
5840.000 0.009
5850.000 0.009
5860.000 0.009
5870.000 0.010
5880.000 0.011
5890.000 0.013
5910.000 0.013
5920.000 0.014
5930.000 0.016
5940.000 0.017
5950.000 0.018
5960.000 0.019
5970.000 0.021
5990.000 0.023
6000.000 0.025
6010.000 0.028
6020.000 0.030
6030.000 0.033
6040.000 0.034
6050.000 0.038
6060.000 0.040
6070.000 0.046
6080.000 0.049
6090.000 0.057
6100.000 0.067
6110.000 0.072
6120.000 0.086
6130.000 0.104
6140.000 0.126
6150.000 0.139
6160.000 0.172
6170.000 0.194
6180.000 0.222
6190.000 0.296
6200.000 0.416
6210.000 0.627
6220.000 0.805
6230.000 1.087
6240.000 2.038
6250.000 2.398
6260.000 1.351
6270.000 0.708
6280.000 0.555
6290.000 0.398
6300.000 0.294
6310.000 0.216
6320.000 0.186
6330.000 0.158
6340.000 0.115
6350.000 0.087
6360.000 0.076
6370.000 0.057
6380.000 0.045
6390.000 0.038
6400.000 0.035
6410.000 0.033
6420.000 0.031
6430.000 0.032
6440.000 0.037
6450.000 0.043
6460.000 0.048
6470.000 0.059
6480.000 0.065
6490.000 0.082
6500.000 0.092
6510.000 0.117
6520.000 0.154
6530.000 0.180
6540.000 0.259
6550.000 0.321
6560.000 0.821
6570.000 2.133
6580.000 3.005
6590.000 2.422
6600.000 0.424
6610.000 0.416
6620.000 0.275
6630.000 0.314
6640.000 0.221
6650.000 0.216
6660.000 0.188
6670.000 0.176
6680.000 0.167
6690.000 0.155
6700.000 0.149
6710.000 0.141
6720.000 0.135
6730.000 0.132
6740.000 0.127
6750.000 0.123
6760.000 0.119
6770.000 0.116
6780.000 0.114
6790.000 0.112
6800.000 0.110
6810.000 0.109
6820.000 0.107
6830.000 0.107
6840.000 0.106
6850.000 0.105
6860.000 0.103
6870.000 0.104
6880.000 0.104
6890.000 0.103
6900.000 0.103
6910.000 0.103
6920.000 0.104
6930.000 0.104
6940.000 0.104
6950.000 0.104
6960.000 0.105
6970.000 0.106
6980.000 0.105
6990.000 0.106
7000.000 0.108
7010.000 0.110
7020.000 0.111
7040.000 0.112
7050.000 0.115
7060.000 0.117
7070.000 0.117
7080.000 0.119
7090.000 0.121
7100.000 0.124
7110.000 0.127
7120.000 0.128
7130.000 0.131
7140.000 0.135
7150.000 0.139
7160.000 0.144
7170.000 0.146
7180.000 0.148
7190.000 0.151
7200.000 0.157
7210.000 0.163
7220.000 0.167
7230.000 0.179
7240.000 0.182
7250.000 0.193
7260.000 0.205
7280.000 0.215
7290.000 0.230
7300.000 0.247
7310.000 0.266
7320.000 0.277
7330.000 0.291
7340.000 0.319
7350.000 0.335
7360.000 0.379
7370.000 0.403
7380.000 0.462
7390.000 0.545
7400.000 0.599
7410.000 0.742
7420.000 0.847
7430.000 1.157
7440.000 1.749
7450.000 2.230
7460.000 3.481
7470.000 3.650
7480.000 1.593
7490.000 0.699
7500.000 0.697
7510.000 0.578
7520.000 0.524
7530.000 0.439
7540.000 0.405
7550.000 0.353
7560.000 0.312
7570.000 0.293
7580.000 0.263
7590.000 0.251
7600.000 0.228
7610.000 0.209
7620.000 0.200
7630.000 0.185
7640.000 0.178
7650.000 0.165
7660.000 0.155
7670.000 0.145
7680.000 0.136
7690.000 0.128
7700.000 0.125
7710.000 0.121
7720.000 0.118
7730.000 0.112
7740.000 0.109
7750.000 0.103
7760.000 0.097
7770.000 0.096
7780.000 0.090
7790.000 0.088
7800.000 0.082
7810.000 0.078
7820.000 0.075
7830.000 0.070
7840.000 0.066
7850.000 0.061
7870.000 0.054
7880.000 0.049
7890.000 0.047
7900.000 0.044
7910.000 0.038
7920.000 0.031
7930.000 0.027
7940.000 0.019
7950.000 0.014
7960.000 0.004
7970.000 0.013
7980.000 0.021
7990.000 0.041
8000.000 0.054
8010.000 0.086
8020.000 0.138
8030.000 0.174
8040.000 0.297
8050.000 0.411
8060.000 0.923
8070.000 1.554
8080.000 2.008
8090.000 0.488
8100.000 0.493
8110.000 0.399
8120.000 0.346
8130.000 0.268
8140.000 0.252
8150.000 0.242
8160.000 0.225
8170.000 0.217
8180.000 0.207
8190.000 0.199
8200.000 0.195
8210.000 0.189
8220.000 0.187
8230.000 0.182
8240.000 0.180
8250.000 0.179
8260.000 0.177
8270.000 0.176
8280.000 0.176
8290.000 0.177
8300.000 0.177
8310.000 0.178
8320.000 0.178
8330.000 0.181
8340.000 0.182
8350.000 0.185
8360.000 0.187
8370.000 0.188
8380.000 0.193
8390.000 0.198
8400.000 0.203
8410.000 0.209
8420.000 0.212
8430.000 0.215
8440.000 0.223
8450.000 0.227
8460.000 0.234
8470.000 0.239
8480.000 0.248
8490.000 0.257
8500.000 0.260
8510.000 0.264
8520.000 0.261
8530.000 0.235
8540.000 0.160
8550.000 0.322
8560.000 1.480
8570.000 0.959
8580.000 0.662
8590.000 0.863
8600.000 0.985
8610.000 1.234
8620.000 1.415
8630.000 1.661
8640.000 2.454
8650.000 3.021
8660.000 4.056
8670.000 3.721
8680.000 2.177
8690.000 1.352
8700.000 0.633
8710.000 0.598
8720.000 0.566
8730.000 0.534
8740.000 0.444
8750.000 0.397
8760.000 0.378
8770.000 0.358
8780.000 0.342
8790.000 0.311
8800.000 0.298
8810.000 0.277
8820.000 0.257
8830.000 0.239
8840.000 0.225
8860.000 0.211
8870.000 0.202
8880.000 0.192
8890.000 0.182
8900.000 0.175
8910.000 0.171
8920.000 0.167
8930.000 0.164
8940.000 0.157
8950.000 0.154
8960.000 0.149
8970.000 0.143
8980.000 0.141
8990.000 0.136
9000.000 0.135
9010.000 0.131
9020.000 0.127
9030.000 0.125
9040.000 0.122
9050.000 0.121
9060.000 0.118
9070.000 0.116
9080.000 0.114
9090.000 0.112
9100.000 0.111
9110.000 0.109
9120.000 0.106
9130.000 0.105
9140.000 0.104
9150.000 0.103
9160.000 0.102
9170.000 0.100
9180.000 0.100
9190.000 0.098
9200.000 0.098
9210.000 0.096
9220.000 0.096
9230.000 0.095
9240.000 0.095
9250.000 0.094
9260.000 0.092
9270.000 0.092
9280.000 0.091
9290.000 0.091
9300.000 0.089
9310.000 0.089
9320.000 0.088
9330.000 0.086
9340.000 0.085
9350.000 0.085
9360.000 0.082
9370.000 0.080
9380.000 0.078
9390.000 0.074
9400.000 0.071
9410.000 0.064
9420.000 0.055
9430.000 0.048
9440.000 0.029
9450.000 0.018
9460.000 0.036
9470.000 0.078
9480.000 0.147
9490.000 0.472
9500.000 0.737
9510.000 0.668
9520.000 0.328
9530.000 0.313
9540.000 0.248
9550.000 0.252
9560.000 0.235
9570.000 0.230
9580.000 0.228
9590.000 0.229
9600.000 0.228
9610.000 0.230
9620.000 0.236
9630.000 0.239
9640.000 0.248
9650.000 0.253
9660.000 0.263
9670.000 0.276
9680.000 0.286
9690.000 0.305
9700.000 0.316
9710.000 0.341
9720.000 0.371
9730.000 0.387
9740.000 0.432
9750.000 0.456
9760.000 0.521
9770.000 0.606
9780.000 0.661
9790.000 0.815
9800.000 0.919
9810.000 1.215
9820.000 1.432
9830.000 2.050
9840.000 2.608
9850.000 1.996
9860.000 1.218
9870.000 0.868
9880.000 0.787
9890.000 0.745
9900.000 0.708
9910.000 0.601
9920.000 0.510
9930.000 0.444
9940.000 0.391
9950.000 0.371
9960.000 0.353
9970.000 0.337
9980.000 0.298
9990.000 0.286
10000.000 0.277
